subID,domEyeR,threshStHi,threshStLo,thresh,Trial_number,Sentence_ID,Sentence_pixel_length,Congruent_1,Familiar_1,LocationTop_1,Cued_1,Trialcorrect_1,Trialbroken_1,ST
23,0,0.222,0.141,0.182,1,9,125,1,0,0,1,0,0,5.0112
23,0,0.222,0.141,0.182,2,13,118,1,1,1,0,0,0,5.0119
23,0,0.222,0.141,0.182,3,5,129,0,0,0,1,1,1,3.0771
23,0,0.222,0.141,0.182,4,30,96,1,1,0,1,1,1,3.0666
23,0,0.222,0.141,0.182,5,10,124,1,0,0,1,1,1,2.7139
23,0,0.222,0.141,0.182,6,15,116,1,0,0,1,1,1,1.6792
23,0,0.222,0.141,0.182,7,19,115,1,1,0,1,1,1,1.3635
23,0,0.222,0.141,0.182,8,8,128,0,0,0,1,1,1,1.2802
23,0,0.222,0.141,0.182,9,1,134,1,1,0,1,1,1,1.5802
23,0,0.222,0.141,0.182,10,12,117,0,1,0,1,1,1,1.5494
23,0,0.222,0.141,0.182,11,6,129,0,0,0,1,1,1,2.0855
23,0,0.222,0.141,0.182,12,14,115,0,0,1,0,1,1,2.0391
23,0,0.222,0.141,0.182,13,2,131,1,1,1,0,1,1,1.8676
23,0,0.222,0.141,0.182,14,9,125,1,0,1,0,1,1,2.022
23,0,0.222,0.141,0.182,15,2,133,0,1,0,1,1,1,1.4461
23,0,0.222,0.141,0.182,16,20,115,0,1,0,1,1,1,1.5616
23,0,0.222,0.141,0.182,17,1,134,1,0,1,0,1,1,1.7686
23,0,0.222,0.141,0.182,19,11,125,0,0,0,1,1,1,1.5413
23,0,0.222,0.141,0.182,20,7,127,1,0,1,0,1,1,1.4411
23,0,0.222,0.141,0.182,21,28,100,0,0,0,1,1,1,1.1849
23,0,0.222,0.141,0.182,22,19,115,1,1,1,0,1,1,1.7708
23,0,0.222,0.141,0.182,24,23,109,1,0,0,1,1,1,1.3981
23,0,0.222,0.141,0.182,25,20,115,0,0,1,0,1,1,1.5723
23,0,0.222,0.141,0.182,26,25,111,0,1,0,1,1,1,1.8996
23,0,0.222,0.141,0.182,27,26,106,1,1,0,1,1,1,1.6768
23,0,0.222,0.141,0.182,28,2,131,1,1,0,1,1,1,1.5641
23,0,0.222,0.141,0.182,29,30,97,0,0,1,0,1,1,1.6315
23,0,0.222,0.141,0.182,30,28,108,1,0,0,1,1,1,1.6874
23,0,0.222,0.141,0.182,32,4,128,1,1,0,1,1,1,2.0154
23,0,0.222,0.141,0.182,33,23,103,0,0,0,1,1,1,1.4392
23,0,0.222,0.141,0.182,36,23,103,0,1,1,0,1,1,1.8659
23,0,0.222,0.141,0.182,37,3,133,0,0,0,1,1,1,2.0911
23,0,0.222,0.141,0.182,38,17,121,0,1,0,1,1,1,1.5417
23,0,0.222,0.141,0.182,41,9,125,1,1,1,0,1,1,1.7806
23,0,0.222,0.141,0.182,42,17,121,0,1,1,0,1,1,1.6852
23,0,0.222,0.141,0.182,43,30,97,0,1,0,1,1,1,1.3948
23,0,0.222,0.141,0.182,44,7,128,0,0,1,0,1,1,1.4291
23,0,0.222,0.141,0.182,45,4,125,0,0,0,1,1,1,1.4024
23,0,0.222,0.141,0.182,48,21,114,1,1,0,1,1,1,1.4996
23,0,0.222,0.141,0.182,49,13,118,1,1,0,1,1,1,2.0138
23,0,0.222,0.141,0.182,52,13,118,0,1,0,1,1,1,1.3852
23,0,0.222,0.141,0.182,54,21,114,1,0,0,1,1,1,1.2738
23,0,0.222,0.141,0.182,55,29,102,0,0,0,1,1,1,1.4885
23,0,0.222,0.141,0.182,56,11,125,0,1,0,1,1,1,1.3645
23,0,0.222,0.141,0.182,57,20,110,1,0,0,1,1,1,1.3246
23,0,0.222,0.141,0.182,59,6,129,0,0,1,0,1,1,1.5276
23,0,0.222,0.141,0.182,60,12,117,0,1,1,0,1,1,1.8308
23,0,0.222,0.141,0.182,61,14,115,0,0,0,1,1,1,1.7303
23,0,0.222,0.141,0.182,62,6,129,1,0,0,1,1,1,1.4893
23,0,0.222,0.141,0.182,63,12,122,1,1,0,1,1,1,1.6514
23,0,0.222,0.141,0.182,64,9,125,1,1,0,1,1,1,1.3612
23,0,0.222,0.141,0.182,65,18,111,1,1,0,1,1,1,1.4088
23,0,0.222,0.141,0.182,66,18,117,0,0,0,1,1,1,1.7356
23,0,0.222,0.141,0.182,67,8,129,1,0,1,0,1,1,1.8383
23,0,0.222,0.141,0.182,68,19,112,0,0,1,0,1,1,2.0751
23,0,0.222,0.141,0.182,69,1,136,0,0,0,1,1,1,2.3339
23,0,0.222,0.141,0.182,70,20,110,1,0,1,0,1,1,2.2021
23,0,0.222,0.141,0.182,71,1,136,0,1,0,1,1,1,1.4511
23,0,0.222,0.141,0.182,72,27,106,1,1,1,0,1,1,1.4058
23,0,0.222,0.141,0.182,73,17,113,1,1,0,1,1,1,1.3566
23,0,0.222,0.141,0.182,75,14,115,0,1,1,0,1,1,1.2595
23,0,0.222,0.141,0.182,76,8,128,0,1,1,0,1,1,2.3316
23,0,0.222,0.141,0.182,77,22,111,1,0,0,1,1,1,1.7393
23,0,0.222,0.141,0.182,78,28,108,1,0,1,0,1,1,2.2383
23,0,0.222,0.141,0.182,79,19,112,0,1,1,0,1,1,2.1014
23,0,0.222,0.141,0.182,80,26,105,0,1,0,1,1,1,1.5946
23,0,0.222,0.141,0.182,82,21,109,0,0,1,0,1,1,1.7923
23,0,0.222,0.141,0.182,83,3,129,1,0,0,1,1,1,1.6111
23,0,0.222,0.141,0.182,84,4,125,0,0,1,0,1,1,1.8949
23,0,0.222,0.141,0.182,85,10,128,0,0,0,1,1,1,1.7067
23,0,0.222,0.141,0.182,86,5,133,1,1,1,0,1,1,1.851
23,0,0.222,0.141,0.182,87,12,122,1,0,0,1,1,1,2.0953
23,0,0.222,0.141,0.182,88,15,116,1,1,0,1,1,1,1.689
23,0,0.222,0.141,0.182,89,8,128,0,1,0,1,1,1,1.6084
23,0,0.222,0.141,0.182,90,7,128,0,1,0,1,1,1,1.9207
23,0,0.222,0.141,0.182,91,29,93,1,1,0,1,1,1,1.7335
23,0,0.222,0.141,0.182,92,3,133,0,1,0,1,1,1,1.2603
23,0,0.222,0.141,0.182,93,3,133,0,0,1,0,1,1,1.4708
23,0,0.222,0.141,0.182,94,28,108,1,1,0,1,1,1,1.1467
23,0,0.222,0.141,0.182,97,13,118,0,0,0,1,1,1,1.1672
23,0,0.222,0.141,0.182,99,5,129,0,1,0,1,1,1,1.1935
23,0,0.222,0.141,0.182,100,25,106,1,0,0,1,1,1,1.2549
23,0,0.222,0.141,0.182,102,1,134,1,0,0,1,1,1,1.3937
23,0,0.222,0.141,0.182,103,21,109,0,1,0,1,1,1,1.3751
23,0,0.222,0.141,0.182,104,8,129,1,0,0,1,1,1,1.3188
23,0,0.222,0.141,0.182,106,5,133,1,0,0,1,1,1,1.2913
23,0,0.222,0.141,0.182,107,30,96,1,0,0,1,1,1,1.3126
23,0,0.222,0.141,0.182,108,29,102,0,1,0,1,1,1,1.4376
23,0,0.222,0.141,0.182,109,18,111,1,1,1,0,1,1,2.047
23,0,0.222,0.141,0.182,110,10,128,0,1,1,0,1,1,2.1542
23,0,0.222,0.141,0.182,114,22,115,0,0,0,1,1,1,1.2048
23,0,0.222,0.141,0.182,115,7,127,1,1,1,0,1,1,2.002
23,0,0.222,0.141,0.182,117,30,97,0,0,0,1,1,1,1.3995
23,0,0.222,0.141,0.182,118,20,115,0,0,0,1,1,1,1.3356
23,0,0.222,0.141,0.182,119,24,110,0,0,1,0,1,1,1.5
23,0,0.222,0.141,0.182,120,17,113,1,0,0,1,1,1,1.2729
23,0,0.222,0.141,0.182,123,20,110,1,1,1,0,1,1,1.776
23,0,0.222,0.141,0.182,125,6,129,1,1,1,0,1,1,1.5028
23,0,0.222,0.141,0.182,126,12,122,1,0,1,0,1,1,1.3578
23,0,0.222,0.141,0.182,127,18,111,1,0,0,1,1,1,1.3827
23,0,0.222,0.141,0.182,130,27,106,1,0,1,0,1,1,1.5568
23,0,0.222,0.141,0.182,136,10,128,0,1,0,1,1,1,1.285
23,0,0.222,0.141,0.182,137,8,129,1,1,0,1,1,1,1.3223
23,0,0.222,0.141,0.182,140,19,115,1,0,1,0,1,1,1.7499
23,0,0.222,0.141,0.182,141,29,93,1,1,1,0,1,1,1.711
23,0,0.222,0.141,0.182,142,27,104,0,1,0,1,1,1,1.5599
23,0,0.222,0.141,0.182,143,27,106,1,1,0,1,1,1,1.2178
23,0,0.222,0.141,0.182,144,2,133,0,0,0,1,1,1,1.6759
23,0,0.222,0.141,0.182,146,5,133,1,1,0,1,1,1,1.588
23,0,0.222,0.141,0.182,148,17,121,0,0,0,1,1,1,1.8829
23,0,0.222,0.141,0.182,149,15,121,0,1,1,0,1,1,1.8037
23,0,0.222,0.141,0.182,151,19,112,0,0,0,1,1,1,1.4502
23,0,0.222,0.141,0.182,154,16,111,0,0,0,1,1,1,1.4178
23,0,0.222,0.141,0.182,157,5,129,0,0,1,0,1,1,1.7318
23,0,0.222,0.141,0.182,158,26,105,0,0,0,1,1,1,1.6009
23,0,0.222,0.141,0.182,159,4,128,1,1,1,0,1,1,1.4038
23,0,0.222,0.141,0.182,160,23,109,1,0,1,0,1,1,1.7664
23,0,0.222,0.141,0.182,161,21,109,0,1,1,0,1,1,1.7961
23,0,0.222,0.141,0.182,162,27,104,0,0,0,1,1,1,1.7063
23,0,0.222,0.141,0.182,164,16,111,0,0,1,0,1,1,1.6411
23,0,0.222,0.141,0.182,165,3,129,1,0,1,0,1,1,1.4448
23,0,0.222,0.141,0.182,166,15,121,0,1,0,1,1,1,1.6286
23,0,0.222,0.141,0.182,170,7,128,0,0,0,1,1,1,1.4629
23,0,0.222,0.141,0.182,171,1,136,0,0,1,0,1,1,2.2533
23,0,0.222,0.141,0.182,173,4,128,1,0,0,1,1,1,1.7685
23,0,0.222,0.141,0.182,175,16,128,1,0,0,1,1,1,1.4676
23,0,0.222,0.141,0.182,177,15,116,1,0,1,0,1,1,1.8016
23,0,0.222,0.141,0.182,179,2,131,1,0,0,1,1,1,1.365
23,0,0.222,0.141,0.182,180,28,100,0,0,1,0,1,1,1.5809
23,0,0.222,0.141,0.182,181,25,106,1,0,1,0,1,1,1.4077
23,0,0.222,0.141,0.182,182,27,106,1,0,0,1,1,1,1.6234
23,0,0.222,0.141,0.182,183,22,115,0,1,0,1,1,1,2.4368
23,0,0.222,0.141,0.182,184,24,110,1,0,1,0,1,1,1.4898
23,0,0.222,0.141,0.182,186,6,129,1,1,0,1,1,1,1.6197
23,0,0.222,0.141,0.182,188,11,123,1,0,1,0,1,1,1.3586
23,0,0.222,0.141,0.182,190,27,104,0,0,1,0,1,1,1.4201
23,0,0.222,0.141,0.182,192,6,129,0,1,0,1,1,1,1.5127
23,0,0.222,0.141,0.182,193,18,111,1,0,1,0,1,1,1.8207
23,0,0.222,0.141,0.182,195,13,118,0,1,1,0,1,1,1.42
23,0,0.222,0.141,0.182,196,12,122,1,1,1,0,1,1,1.4106
23,0,0.222,0.141,0.182,197,18,117,0,0,1,0,1,1,1.3471
23,0,0.222,0.141,0.182,199,19,112,0,1,0,1,1,1,1.8517
23,0,0.222,0.141,0.182,200,24,110,0,0,0,1,1,1,1.6788
23,0,0.222,0.141,0.182,205,3,129,1,1,0,1,1,1,1.3784
23,0,0.222,0.141,0.182,206,10,124,1,1,0,1,1,1,1.2123
23,0,0.222,0.141,0.182,207,1,134,1,1,1,0,1,1,1.6677
23,0,0.222,0.141,0.182,208,22,111,1,1,0,1,1,1,1.3972
23,0,0.222,0.141,0.182,209,17,113,1,1,1,0,1,1,1.6937
23,0,0.222,0.141,0.182,210,16,111,0,1,1,0,1,1,1.5758
23,0,0.222,0.141,0.182,214,19,115,1,0,0,1,1,1,2.0857
23,0,0.222,0.141,0.182,215,13,118,0,0,1,0,1,1,2.9243
23,0,0.222,0.141,0.182,216,25,106,1,1,1,0,1,1,3.4654
23,0,0.222,0.141,0.182,219,7,127,1,0,0,1,1,1,1.315
23,0,0.222,0.141,0.182,220,23,109,1,1,1,0,1,1,1.5337
23,0,0.222,0.141,0.182,223,14,121,1,1,0,1,1,1,1.4064
23,0,0.222,0.141,0.182,224,10,124,1,1,1,0,1,1,1.7703
23,0,0.222,0.141,0.182,225,28,100,0,1,0,1,1,1,1.3438
23,0,0.222,0.141,0.182,227,24,110,0,1,0,1,1,1,1.4939
23,0,0.222,0.141,0.182,229,26,105,0,0,1,0,1,1,1.8639
23,0,0.222,0.141,0.182,230,27,104,0,1,1,0,1,1,1.7819
23,0,0.222,0.141,0.182,232,18,117,0,1,0,1,1,1,1.3335
23,0,0.222,0.141,0.182,234,24,110,1,1,0,1,1,1,1.2243
23,0,0.222,0.141,0.182,237,28,100,0,1,1,0,1,1,1.4402
23,0,0.222,0.141,0.182,240,14,115,0,1,0,1,1,1,1.112
23,0,0.222,0.141,0.182,241,3,129,1,1,1,0,1,1,1.3859
23,0,0.222,0.141,0.182,243,9,129,0,1,1,0,1,1,1.3113
23,0,0.222,0.141,0.182,244,9,129,0,0,1,0,1,1,1.4732
23,0,0.222,0.141,0.182,246,12,117,0,0,0,1,1,1,1.1368
23,0,0.222,0.141,0.182,248,10,124,1,0,1,0,1,1,1.2734
23,0,0.222,0.141,0.182,251,17,121,0,0,1,0,1,1,1.4392
23,0,0.222,0.141,0.182,252,12,117,0,0,1,0,1,1,1.2468
23,0,0.222,0.141,0.182,254,4,125,0,1,0,1,1,1,1.2707
23,0,0.222,0.141,0.182,255,6,129,0,1,1,0,1,1,1.4039
23,0,0.222,0.141,0.182,258,29,93,1,0,0,1,1,1,1.3389
23,0,0.222,0.141,0.182,266,21,109,0,0,0,1,1,1,1.1542
23,0,0.222,0.141,0.182,267,22,111,1,1,1,0,1,1,1.5975
23,0,0.222,0.141,0.182,268,26,105,0,1,1,0,1,1,1.5079
23,0,0.222,0.141,0.182,270,4,125,0,1,1,0,1,1,1.6984
23,0,0.222,0.141,0.182,271,29,102,0,0,1,0,1,1,1.7121
23,0,0.222,0.141,0.182,273,26,106,1,1,1,0,1,1,1.4755
23,0,0.222,0.141,0.182,274,29,102,0,1,1,0,1,1,1.6039
23,0,0.222,0.141,0.182,275,23,109,1,1,0,1,1,1,1.4738
23,0,0.222,0.141,0.182,276,26,106,1,0,0,1,1,1,1.5993
23,0,0.222,0.141,0.182,277,11,123,1,1,0,1,1,1,1.419
23,0,0.222,0.141,0.182,278,9,129,0,1,0,1,1,1,1.6903
23,0,0.222,0.141,0.182,281,14,121,1,0,0,1,1,1,1.1907
23,0,0.222,0.141,0.182,282,23,103,0,0,1,0,1,1,1.4761
23,0,0.222,0.141,0.182,283,8,129,1,1,1,0,1,1,1.3562
23,0,0.222,0.141,0.182,285,3,133,0,1,1,0,1,1,2.15
23,0,0.222,0.141,0.182,286,21,114,1,1,1,0,1,1,1.4263
23,0,0.222,0.141,0.182,289,16,128,1,1,1,0,1,1,1.9243
23,0,0.222,0.141,0.182,290,16,128,1,1,0,1,1,1,1.5589
23,0,0.222,0.141,0.182,291,29,93,1,0,1,0,1,1,1.8689
23,0,0.222,0.141,0.182,292,2,133,0,1,1,0,1,1,1.4029
23,0,0.222,0.141,0.182,294,6,129,1,0,1,0,1,1,1.4771
23,0,0.222,0.141,0.182,296,21,114,1,0,1,0,1,1,1.5953
23,0,0.222,0.141,0.182,297,13,118,1,0,0,1,1,1,1.2605
23,0,0.222,0.141,0.182,298,25,111,0,0,0,1,1,1,1.2083
23,0,0.222,0.141,0.182,300,23,103,0,1,0,1,1,1,1.2561
23,0,0.222,0.141,0.182,301,7,128,0,1,1,0,1,1,1.5424
23,0,0.222,0.141,0.182,304,20,115,0,1,1,0,1,1,1.4365
23,0,0.222,0.141,0.182,305,28,108,1,1,1,0,1,1,1.7051
23,0,0.222,0.141,0.182,306,22,115,0,1,1,0,1,1,1.4845
23,0,0.222,0.141,0.182,307,17,113,1,0,1,0,1,1,1.4701
23,0,0.222,0.141,0.182,308,20,110,1,1,0,1,1,1,1.2629
23,0,0.222,0.141,0.182,310,11,123,1,0,0,1,1,1,1.2997
23,0,0.222,0.141,0.182,311,24,110,1,0,0,1,1,1,1.2196
23,0,0.222,0.141,0.182,312,24,110,1,1,1,0,1,1,1.3255
23,0,0.222,0.141,0.182,316,10,128,0,0,1,0,1,1,1.5065
23,0,0.222,0.141,0.182,317,13,118,1,0,1,0,1,1,1.8966
23,0,0.222,0.141,0.182,321,11,125,0,0,1,0,1,1,1.5112
23,0,0.222,0.141,0.182,326,30,96,1,1,1,0,1,1,1.7479
23,0,0.222,0.141,0.182,327,25,111,0,1,1,0,1,1,1.389
23,0,0.222,0.141,0.182,328,15,116,1,1,1,0,1,1,1.4371
23,0,0.222,0.141,0.182,330,24,110,0,1,1,0,1,1,1.5802
23,0,0.222,0.141,0.182,331,22,115,0,0,1,0,1,1,1.6656
23,0,0.222,0.141,0.182,332,15,121,0,0,0,1,1,1,1.4211
23,0,0.222,0.141,0.182,333,25,106,1,1,0,1,1,1,1.0763
23,0,0.222,0.141,0.182,338,16,111,0,1,0,1,1,1,1.3725
23,0,0.222,0.141,0.182,340,11,125,0,1,1,0,1,1,1.6995
23,0,0.222,0.141,0.182,342,5,129,0,1,1,0,1,1,1.3859
23,0,0.222,0.141,0.182,345,30,97,0,1,1,0,1,1,1.5791
23,0,0.222,0.141,0.182,346,1,136,0,1,1,0,1,1,1.4698
23,0,0.222,0.141,0.182,349,9,129,0,0,0,1,1,1,1.324
23,0,0.222,0.141,0.182,356,4,128,1,0,1,0,1,1,1.4697
23,0,0.222,0.141,0.182,358,14,121,1,0,1,0,1,1,1.5625
23,0,0.222,0.141,0.182,359,18,117,0,1,1,0,1,1,1.7651
23,0,0.222,0.141,0.182,367,11,123,1,1,1,0,1,1,2.2551
23,0,0.222,0.141,0.182,368,7,127,1,1,0,1,1,1,1.7929
23,0,0.222,0.141,0.182,370,15,121,0,0,1,0,1,1,1.4322
23,0,0.222,0.141,0.182,372,26,106,1,0,1,0,1,1,1.7167
23,0,0.222,0.141,0.182,373,5,133,1,0,1,0,1,1,1.5058
23,0,0.222,0.141,0.182,374,2,133,0,0,1,0,1,1,1.2009
23,0,0.222,0.141,0.182,380,25,111,0,0,1,0,1,1,1.2962
23,0,0.222,0.141,0.182,383,2,131,1,0,1,0,1,1,1.6835
23,0,0.222,0.141,0.182,390,8,128,0,0,1,0,1,1,1.9389
23,0,0.222,0.141,0.182,391,16,128,1,0,1,0,0,1,1.5725
23,0,0.222,0.141,0.182,392,30,96,1,0,1,0,1,1,1.8633
23,0,0.222,0.141,0.182,394,14,121,1,1,1,0,1,1,2.0797
23,0,0.222,0.141,0.182,395,22,111,1,0,1,0,1,1,1.842

subID,domEyeR,threshStHi,threshStLo,thresh,Trial_number,Sentence_ID,Sentence_pixel_length,Congruent_1,Familiar_1,LocationTop_1,Cued_1,Trialcorrect_1,Trialbroken_1,ST
21,1,0.63484,0.54782,0.59133,1,11,123,1,0,0,1,1,1,0.91021
21,1,0.63484,0.54782,0.59133,2,30,96,1,1,0,1,1,1,0.84238
21,1,0.63484,0.54782,0.59133,3,2,131,1,0,1,0,1,1,1.3256
21,1,0.63484,0.54782,0.59133,4,26,105,0,0,0,1,1,1,0.79984
21,1,0.63484,0.54782,0.59133,5,19,115,1,1,0,1,1,1,1.7613
21,1,0.63484,0.54782,0.59133,6,24,110,1,0,0,1,1,1,1.506
21,1,0.63484,0.54782,0.59133,7,16,128,1,0,0,1,1,1,1.0557
21,1,0.63484,0.54782,0.59133,8,22,115,0,1,0,1,1,1,1.0696
21,1,0.63484,0.54782,0.59133,9,25,106,1,1,1,0,1,1,2.8235
21,1,0.63484,0.54782,0.59133,10,18,111,1,0,0,1,1,1,1.2029
21,1,0.63484,0.54782,0.59133,11,10,124,1,0,0,1,1,1,1.1009
21,1,0.63484,0.54782,0.59133,12,27,106,1,0,0,1,1,1,2.1479
21,1,0.63484,0.54782,0.59133,13,30,96,1,1,1,0,1,1,2.2356
21,1,0.63484,0.54782,0.59133,15,23,103,0,0,1,0,1,1,1.8708
21,1,0.63484,0.54782,0.59133,16,1,136,0,0,0,1,1,1,0.98764
21,1,0.63484,0.54782,0.59133,17,2,133,0,1,1,0,1,1,1.4169
21,1,0.63484,0.54782,0.59133,18,4,128,1,0,1,0,1,1,1.9762
21,1,0.63484,0.54782,0.59133,20,10,128,0,1,0,1,1,1,1.4889
21,1,0.63484,0.54782,0.59133,21,21,114,1,1,1,0,1,1,1.7779
21,1,0.63484,0.54782,0.59133,22,3,129,1,0,1,0,1,1,2.4439
21,1,0.63484,0.54782,0.59133,23,1,134,1,0,0,1,1,1,1.1135
21,1,0.63484,0.54782,0.59133,24,20,110,1,1,0,1,1,1,1.3245
21,1,0.63484,0.54782,0.59133,25,26,106,1,0,0,1,1,1,1.1819
21,1,0.63484,0.54782,0.59133,26,4,125,0,1,1,0,1,1,1.3473
21,1,0.63484,0.54782,0.59133,27,13,118,0,1,1,0,1,1,1.3492
21,1,0.63484,0.54782,0.59133,28,12,117,0,0,1,0,1,1,1.7707
21,1,0.63484,0.54782,0.59133,29,2,131,1,1,0,1,1,1,1.5456
21,1,0.63484,0.54782,0.59133,30,29,93,1,0,0,1,1,1,1.2731
21,1,0.63484,0.54782,0.59133,31,6,129,1,0,0,1,1,1,1.3039
21,1,0.63484,0.54782,0.59133,32,7,127,1,0,0,1,1,1,1.0211
21,1,0.63484,0.54782,0.59133,33,25,111,0,1,1,0,1,1,1.3251
21,1,0.63484,0.54782,0.59133,34,23,109,1,1,1,0,1,1,1.4782
21,1,0.63484,0.54782,0.59133,35,4,125,0,0,1,0,1,1,1.7462
21,1,0.63484,0.54782,0.59133,36,1,136,0,0,1,0,1,1,1.0585
21,1,0.63484,0.54782,0.59133,37,8,128,0,0,0,1,1,1,1.471
21,1,0.63484,0.54782,0.59133,38,11,123,1,1,0,1,1,1,0.83594
21,1,0.63484,0.54782,0.59133,39,17,113,1,0,0,1,1,1,0.9171
21,1,0.63484,0.54782,0.59133,40,11,125,0,1,1,0,1,1,1.4614
21,1,0.63484,0.54782,0.59133,43,7,128,0,0,1,0,1,1,1.4874
21,1,0.63484,0.54782,0.59133,46,4,125,0,1,0,1,1,1,0.88225
21,1,0.63484,0.54782,0.59133,47,8,129,1,0,0,1,1,1,1.4466
21,1,0.63484,0.54782,0.59133,49,27,104,0,1,0,1,1,1,2.1376
21,1,0.63484,0.54782,0.59133,51,11,125,0,1,0,1,1,1,1.0148
21,1,0.63484,0.54782,0.59133,53,9,125,1,1,0,1,1,1,1.0759
21,1,0.63484,0.54782,0.59133,54,5,133,1,0,0,1,1,1,0.99835
21,1,0.63484,0.54782,0.59133,55,8,128,0,1,0,1,1,1,1.0859
21,1,0.63484,0.54782,0.59133,56,5,129,0,1,0,1,1,1,1.1671
21,1,0.63484,0.54782,0.59133,57,18,111,1,1,1,0,1,1,2.1776
21,1,0.63484,0.54782,0.59133,58,16,128,1,1,0,1,1,1,1.0468
21,1,0.63484,0.54782,0.59133,59,10,128,0,1,1,0,1,1,2.0975
21,1,0.63484,0.54782,0.59133,60,29,102,0,0,1,0,1,1,1.8866
21,1,0.63484,0.54782,0.59133,61,11,123,1,1,1,0,1,1,1.8341
21,1,0.63484,0.54782,0.59133,62,4,125,0,0,0,1,1,1,1.0775
21,1,0.63484,0.54782,0.59133,63,10,128,0,0,1,0,1,1,1.5249
21,1,0.63484,0.54782,0.59133,64,5,129,0,0,0,1,1,1,1.0487
21,1,0.63484,0.54782,0.59133,65,11,123,1,0,1,0,1,1,0.97477
21,1,0.63484,0.54782,0.59133,67,26,105,0,1,1,0,1,1,1.7018
21,1,0.63484,0.54782,0.59133,68,11,125,0,0,1,0,1,1,1.0949
21,1,0.63484,0.54782,0.59133,69,22,111,1,0,0,1,1,1,1.1509
21,1,0.63484,0.54782,0.59133,70,7,127,1,0,1,0,1,1,1.02
21,1,0.63484,0.54782,0.59133,72,14,121,1,1,0,1,1,1,0.97913
21,1,0.63484,0.54782,0.59133,73,14,115,0,1,0,1,1,1,1.0666
21,1,0.63484,0.54782,0.59133,74,19,115,1,1,1,0,1,1,1.478
21,1,0.63484,0.54782,0.59133,75,17,113,1,1,1,0,1,1,1.6879
21,1,0.63484,0.54782,0.59133,76,13,118,1,1,0,1,1,1,1.216
21,1,0.63484,0.54782,0.59133,77,12,122,1,1,0,1,1,1,0.80297
21,1,0.63484,0.54782,0.59133,78,13,118,0,0,0,1,1,1,1.1131
21,1,0.63484,0.54782,0.59133,79,17,121,0,0,0,1,1,1,1.0687
21,1,0.63484,0.54782,0.59133,80,23,103,0,1,0,1,1,1,1.1738
21,1,0.63484,0.54782,0.59133,83,23,103,0,1,1,0,1,1,3.7088
21,1,0.63484,0.54782,0.59133,84,19,112,0,1,0,1,1,1,2.3785
21,1,0.63484,0.54782,0.59133,85,27,106,1,1,0,1,1,1,2.4025
21,1,0.63484,0.54782,0.59133,87,22,111,1,1,1,0,1,1,1.6581
21,1,0.63484,0.54782,0.59133,88,12,122,1,0,1,0,1,1,2.3186
21,1,0.63484,0.54782,0.59133,89,9,129,0,1,0,1,1,1,1.2426
21,1,0.63484,0.54782,0.59133,91,12,122,1,0,0,1,1,1,1.9661
21,1,0.63484,0.54782,0.59133,92,7,128,0,0,0,1,1,1,1.389
21,1,0.63484,0.54782,0.59133,93,7,127,1,1,0,1,1,1,1.5904
21,1,0.63484,0.54782,0.59133,95,12,117,0,1,1,0,1,1,1.4312
21,1,0.63484,0.54782,0.59133,96,17,113,1,1,0,1,1,1,1.1251
21,1,0.63484,0.54782,0.59133,98,29,102,0,1,1,0,1,1,1.782
21,1,0.63484,0.54782,0.59133,99,26,105,0,0,1,0,1,1,1.7813
21,1,0.63484,0.54782,0.59133,103,25,106,1,0,0,1,1,1,1.1181
21,1,0.63484,0.54782,0.59133,104,20,115,0,0,0,1,1,1,1.1034
21,1,0.63484,0.54782,0.59133,105,7,128,0,1,0,1,1,1,1.047
21,1,0.63484,0.54782,0.59133,109,16,128,1,1,1,0,1,1,1.7172
21,1,0.63484,0.54782,0.59133,110,28,100,0,1,0,1,1,1,2.0054
21,1,0.63484,0.54782,0.59133,111,25,111,0,0,0,1,1,1,1.1983
21,1,0.63484,0.54782,0.59133,113,19,112,0,0,0,1,1,1,1.6953
21,1,0.63484,0.54782,0.59133,114,20,110,1,0,0,1,1,1,2.1312
21,1,0.63484,0.54782,0.59133,115,13,118,1,1,1,0,1,1,3.1637
21,1,0.63484,0.54782,0.59133,116,23,109,1,1,0,1,1,1,1.373
21,1,0.63484,0.54782,0.59133,117,9,129,0,0,0,1,1,1,1.2647
21,1,0.63484,0.54782,0.59133,119,10,124,1,1,0,1,1,1,1.1006
21,1,0.63484,0.54782,0.59133,120,25,111,0,1,0,1,1,1,1.6188
21,1,0.63484,0.54782,0.59133,121,3,129,1,0,0,1,1,1,0.99615
21,1,0.63484,0.54782,0.59133,122,16,111,0,1,0,1,1,1,1.0256
21,1,0.63484,0.54782,0.59133,123,8,129,1,1,1,0,1,1,2.0026
21,1,0.63484,0.54782,0.59133,124,2,133,0,0,0,1,1,1,0.89644
21,1,0.63484,0.54782,0.59133,125,8,129,1,1,0,1,1,1,0.92186
21,1,0.63484,0.54782,0.59133,126,14,115,0,0,1,0,1,1,1.8664
21,1,0.63484,0.54782,0.59133,127,28,100,0,0,0,1,1,1,1.2521
21,1,0.63484,0.54782,0.59133,128,1,134,1,1,0,1,1,1,1.1068
21,1,0.63484,0.54782,0.59133,129,1,136,0,1,0,1,1,1,1.1383
21,1,0.63484,0.54782,0.59133,130,15,116,1,1,0,1,1,1,1.6699
21,1,0.63484,0.54782,0.59133,134,10,128,0,0,0,1,1,1,1.1422
21,1,0.63484,0.54782,0.59133,135,12,117,0,0,0,1,1,1,1.4927
21,1,0.63484,0.54782,0.59133,136,21,114,1,1,0,1,1,1,1.7566
21,1,0.63484,0.54782,0.59133,137,12,117,0,1,0,1,1,1,1.1228
21,1,0.63484,0.54782,0.59133,138,16,111,0,0,0,1,1,1,1.3979
21,1,0.63484,0.54782,0.59133,139,18,117,0,1,1,0,1,1,1.9811
21,1,0.63484,0.54782,0.59133,140,5,133,1,1,1,0,1,1,0.94877
21,1,0.63484,0.54782,0.59133,142,15,121,0,0,0,1,1,1,0.93663
21,1,0.63484,0.54782,0.59133,143,28,108,1,1,0,1,1,1,1.1293
21,1,0.63484,0.54782,0.59133,144,3,133,0,0,1,0,1,1,1.1088
21,1,0.63484,0.54782,0.59133,145,2,133,0,1,0,1,1,1,0.94634
21,1,0.63484,0.54782,0.59133,147,29,102,0,1,0,1,1,1,1.2007
21,1,0.63484,0.54782,0.59133,149,14,121,1,0,1,0,1,1,1.8836
21,1,0.63484,0.54782,0.59133,151,29,93,1,1,0,1,1,1,1.4958
21,1,0.63484,0.54782,0.59133,152,21,109,0,0,1,0,1,1,1.2858
21,1,0.63484,0.54782,0.59133,154,6,129,0,1,0,1,1,1,0.99159
21,1,0.63484,0.54782,0.59133,155,6,129,0,0,1,0,1,1,1.0007
21,1,0.63484,0.54782,0.59133,156,6,129,0,0,0,1,1,1,1.4801
21,1,0.63484,0.54782,0.59133,157,22,115,0,1,1,0,0,0,5.0091
21,1,0.63484,0.54782,0.59133,158,23,103,0,0,0,1,1,1,4.8048
21,1,0.63484,0.54782,0.59133,159,30,96,1,0,1,0,0,0,5.0059
21,1,0.63484,0.54782,0.59133,160,14,121,1,0,0,1,1,1,1.4896
21,1,0.63484,0.54782,0.59133,161,24,110,0,1,1,0,1,1,1.5139
21,1,0.63484,0.54782,0.59133,162,24,110,0,0,0,1,1,1,1.8153
21,1,0.63484,0.54782,0.59133,163,22,111,1,1,0,1,0,0,5.0123
21,1,0.63484,0.54782,0.59133,166,20,115,0,1,1,0,1,1,1.0725
21,1,0.63484,0.54782,0.59133,168,9,129,0,0,1,0,1,1,0.96992
21,1,0.63484,0.54782,0.59133,169,3,129,1,1,1,0,1,1,1.136
21,1,0.63484,0.54782,0.59133,170,13,118,1,0,1,0,1,1,0.96964
21,1,0.63484,0.54782,0.59133,177,29,93,1,0,1,0,1,1,1.4798
21,1,0.63484,0.54782,0.59133,178,19,115,1,0,0,1,1,1,0.90427
21,1,0.63484,0.54782,0.59133,179,20,110,1,0,1,0,1,1,2.6815
21,1,0.63484,0.54782,0.59133,180,22,115,0,0,0,1,1,1,0.94439
21,1,0.63484,0.54782,0.59133,181,15,121,0,1,0,1,1,1,0.84243
21,1,0.63484,0.54782,0.59133,183,15,121,0,1,1,0,1,1,1.1849
21,1,0.63484,0.54782,0.59133,184,15,121,0,0,1,0,1,1,0.98961
21,1,0.63484,0.54782,0.59133,187,8,128,0,0,1,0,1,1,1.2709
21,1,0.63484,0.54782,0.59133,190,21,109,0,0,0,1,1,1,0.8754
21,1,0.63484,0.54782,0.59133,191,25,106,1,1,0,1,1,1,1.0941
21,1,0.63484,0.54782,0.59133,193,15,116,1,0,0,1,1,1,0.97884
21,1,0.63484,0.54782,0.59133,194,29,93,1,1,1,0,1,1,1.4059
21,1,0.63484,0.54782,0.59133,199,7,127,1,1,1,0,1,1,1.1135
21,1,0.63484,0.54782,0.59133,200,4,128,1,0,0,1,1,1,0.91374
21,1,0.63484,0.54782,0.59133,202,9,125,1,0,1,0,1,1,0.88765
21,1,0.63484,0.54782,0.59133,205,1,134,1,1,1,0,1,1,1.4599
21,1,0.63484,0.54782,0.59133,209,17,121,0,0,1,0,1,1,1.4568
21,1,0.63484,0.54782,0.59133,210,18,111,1,0,1,0,1,1,1.7382
21,1,0.63484,0.54782,0.59133,212,28,108,1,0,0,1,1,1,0.79407
21,1,0.63484,0.54782,0.59133,218,26,105,0,1,0,1,1,1,1.3577
21,1,0.63484,0.54782,0.59133,219,25,106,1,0,1,0,1,1,1.9686
21,1,0.63484,0.54782,0.59133,220,18,117,0,0,0,1,1,1,1.071
21,1,0.63484,0.54782,0.59133,221,18,117,0,0,1,0,1,1,1.6454
21,1,0.63484,0.54782,0.59133,222,4,128,1,1,0,1,1,1,1.1165
21,1,0.63484,0.54782,0.59133,224,28,100,0,1,1,0,1,1,1.3624
21,1,0.63484,0.54782,0.59133,225,12,122,1,1,1,0,1,1,1.6068
21,1,0.63484,0.54782,0.59133,226,3,133,0,0,0,1,1,1,1.0212
21,1,0.63484,0.54782,0.59133,228,13,118,0,1,0,1,1,1,0.8597
21,1,0.63484,0.54782,0.59133,229,15,116,1,1,1,0,1,1,0.91176
21,1,0.63484,0.54782,0.59133,230,23,109,1,0,0,1,1,1,0.81421
21,1,0.63484,0.54782,0.59133,232,19,112,0,0,1,0,1,1,1.2321
21,1,0.63484,0.54782,0.59133,233,5,129,0,0,1,0,1,1,1.2535
21,1,0.63484,0.54782,0.59133,234,28,108,1,0,1,0,1,1,2.4403
21,1,0.63484,0.54782,0.59133,235,28,100,0,0,1,0,1,1,1.4895
21,1,0.63484,0.54782,0.59133,237,6,129,1,0,1,0,1,1,1.7649
21,1,0.63484,0.54782,0.59133,239,3,129,1,1,0,1,1,1,1.2704
21,1,0.63484,0.54782,0.59133,240,8,129,1,0,1,0,1,1,1.55
21,1,0.63484,0.54782,0.59133,244,27,104,0,0,0,1,1,1,0.96723
21,1,0.63484,0.54782,0.59133,245,24,110,0,0,1,0,1,1,1.2002
21,1,0.63484,0.54782,0.59133,246,14,115,0,0,0,1,1,1,1.0885
21,1,0.63484,0.54782,0.59133,247,13,118,1,0,0,1,1,1,1.2443
21,1,0.63484,0.54782,0.59133,249,26,106,1,0,1,0,1,1,2.7081
21,1,0.63484,0.54782,0.59133,250,24,110,1,1,0,1,1,1,2.111
21,1,0.63484,0.54782,0.59133,252,1,136,0,1,1,0,1,1,1.1729
21,1,0.63484,0.54782,0.59133,253,21,109,0,1,1,0,1,1,1.6846
21,1,0.63484,0.54782,0.59133,254,11,125,0,0,0,1,1,1,1.1033
21,1,0.63484,0.54782,0.59133,255,21,114,1,0,0,1,1,1,1.2663
21,1,0.63484,0.54782,0.59133,256,23,109,1,0,1,0,1,1,2.6176
21,1,0.63484,0.54782,0.59133,259,20,110,1,1,1,0,1,1,2.368
21,1,0.63484,0.54782,0.59133,263,5,133,1,0,1,0,1,1,1.285
21,1,0.63484,0.54782,0.59133,266,24,110,0,1,0,1,1,1,0.82272
21,1,0.63484,0.54782,0.59133,268,17,113,1,0,1,0,1,1,1.7434
21,1,0.63484,0.54782,0.59133,269,2,133,0,0,1,0,1,1,1.0664
21,1,0.63484,0.54782,0.59133,270,20,115,0,1,0,1,1,1,1.0376
21,1,0.63484,0.54782,0.59133,273,27,106,1,0,1,0,1,1,1.1324
21,1,0.63484,0.54782,0.59133,274,18,111,1,1,0,1,1,1,1.0602
21,1,0.63484,0.54782,0.59133,276,17,121,0,1,0,1,1,1,1.5726
21,1,0.63484,0.54782,0.59133,278,26,106,1,1,0,1,1,1,1.5085
21,1,0.63484,0.54782,0.59133,279,13,118,0,0,1,0,1,1,1.3023
21,1,0.63484,0.54782,0.59133,280,6,129,1,1,1,0,1,1,1.3809
21,1,0.63484,0.54782,0.59133,281,14,115,0,1,1,0,1,1,1.5764
21,1,0.63484,0.54782,0.59133,282,3,133,0,1,0,1,1,1,1.3458
21,1,0.63484,0.54782,0.59133,283,30,97,0,0,0,1,1,1,0.92759
21,1,0.63484,0.54782,0.59133,285,10,124,1,0,1,0,1,1,1.4179
21,1,0.63484,0.54782,0.59133,288,30,97,0,1,1,0,1,1,2.5383
21,1,0.63484,0.54782,0.59133,293,5,133,1,1,0,1,1,1,0.98335
21,1,0.63484,0.54782,0.59133,296,22,111,1,0,1,0,1,1,1.3483
21,1,0.63484,0.54782,0.59133,297,30,96,1,0,0,1,1,1,1.086
21,1,0.63484,0.54782,0.59133,298,30,97,0,0,1,0,1,1,1.2453
21,1,0.63484,0.54782,0.59133,301,4,128,1,1,1,0,1,1,1.2984
21,1,0.63484,0.54782,0.59133,303,6,129,1,1,0,1,1,1,1.154
21,1,0.63484,0.54782,0.59133,304,16,111,0,0,1,0,1,1,2.688
21,1,0.63484,0.54782,0.59133,306,15,116,1,0,1,0,1,1,1.5231
21,1,0.63484,0.54782,0.59133,308,24,110,1,1,1,0,1,1,1.0947
21,1,0.63484,0.54782,0.59133,309,2,131,1,1,1,0,1,1,1.7446
21,1,0.63484,0.54782,0.59133,311,5,129,0,1,1,0,1,1,1.2584
21,1,0.63484,0.54782,0.59133,312,28,108,1,1,1,0,1,1,1.7106
21,1,0.63484,0.54782,0.59133,314,9,125,1,0,0,1,1,1,1.4031
21,1,0.63484,0.54782,0.59133,316,16,111,0,1,1,0,1,1,1.5703
21,1,0.63484,0.54782,0.59133,317,1,134,1,0,1,0,1,1,1.3167
21,1,0.63484,0.54782,0.59133,318,16,128,1,0,1,0,1,1,1.6478
21,1,0.63484,0.54782,0.59133,319,27,104,0,0,1,0,1,1,1.3471
21,1,0.63484,0.54782,0.59133,322,9,129,0,1,1,0,1,1,1.768
21,1,0.63484,0.54782,0.59133,326,10,124,1,1,1,0,1,1,0.93456
21,1,0.63484,0.54782,0.59133,327,2,131,1,0,0,1,1,1,1.0971
21,1,0.63484,0.54782,0.59133,328,3,133,0,1,1,0,1,1,1.0977
21,1,0.63484,0.54782,0.59133,330,7,128,0,1,1,0,1,1,1.2785
21,1,0.63484,0.54782,0.59133,331,30,97,0,1,0,1,1,1,0.87713
21,1,0.63484,0.54782,0.59133,334,21,109,0,1,0,1,1,1,1.0297
21,1,0.63484,0.54782,0.59133,335,6,129,0,1,1,0,1,1,0.95248
21,1,0.63484,0.54782,0.59133,336,19,112,0,1,1,0,1,1,1.1319
21,1,0.63484,0.54782,0.59133,337,9,125,1,1,1,0,1,1,1.1055
21,1,0.63484,0.54782,0.59133,341,25,111,0,0,1,0,1,1,0.90209
21,1,0.63484,0.54782,0.59133,343,18,117,0,1,0,1,1,1,1.3225
21,1,0.63484,0.54782,0.59133,345,24,110,1,0,1,0,1,1,1.7695
21,1,0.63484,0.54782,0.59133,347,20,115,0,0,1,0,1,1,1.253
21,1,0.63484,0.54782,0.59133,352,22,115,0,0,1,0,1,1,1.7259
21,1,0.63484,0.54782,0.59133,355,21,114,1,0,1,0,1,1,2.4802
21,1,0.63484,0.54782,0.59133,357,14,121,1,1,1,0,1,1,2.3126
21,1,0.63484,0.54782,0.59133,359,29,102,0,0,0,1,1,1,1.7082
21,1,0.63484,0.54782,0.59133,362,17,121,0,1,1,0,1,1,1.318
21,1,0.63484,0.54782,0.59133,365,26,106,1,1,1,0,1,1,1.9994
21,1,0.63484,0.54782,0.59133,371,19,115,1,0,1,0,1,1,2.0952
21,1,0.63484,0.54782,0.59133,383,27,106,1,1,1,0,1,1,1.9458
21,1,0.63484,0.54782,0.59133,388,8,128,0,1,1,0,1,1,0.98991
21,1,0.63484,0.54782,0.59133,395,27,104,0,1,1,0,1,1,2.2156

subID,domEyeR,threshStHi,threshStLo,thresh,Trial_number,Sentence_ID,Sentence_pixel_length,Congruent_1,Familiar_1,LocationTop_1,Cued_1,Trialcorrect_1,Trialbroken_1,ST
19,1,0.33703,0.28591,0.31147,1,15,121,0,0,1,1,1,1,1.3359
19,1,0.33703,0.28591,0.31147,2,9,129,0,1,0,0,1,1,2.9365
19,1,0.33703,0.28591,0.31147,4,23,103,0,1,1,1,1,1,1.6539
19,1,0.33703,0.28591,0.31147,5,15,116,1,0,0,0,1,1,1.8355
19,1,0.33703,0.28591,0.31147,6,10,124,1,1,0,0,1,1,3.3642
19,1,0.33703,0.28591,0.31147,7,7,127,1,0,1,1,1,1,1.82
19,1,0.33703,0.28591,0.31147,8,5,133,1,0,1,1,1,1,1.5174
19,1,0.33703,0.28591,0.31147,9,2,133,0,1,1,1,1,1,2.1742
19,1,0.33703,0.28591,0.31147,10,21,114,1,1,1,1,1,1,1.323
19,1,0.33703,0.28591,0.31147,11,3,129,1,0,0,0,1,1,1.7088
19,1,0.33703,0.28591,0.31147,12,7,127,1,1,1,1,0,1,1.3457
19,1,0.33703,0.28591,0.31147,13,30,97,0,0,1,1,0,1,1.8132
19,1,0.33703,0.28591,0.31147,15,18,111,1,1,1,1,1,1,1.4039
19,1,0.33703,0.28591,0.31147,16,11,123,1,1,1,1,1,1,2.1247
19,1,0.33703,0.28591,0.31147,17,11,125,0,1,1,1,1,1,1.4164
19,1,0.33703,0.28591,0.31147,18,30,96,1,0,1,1,1,1,1.3556
19,1,0.33703,0.28591,0.31147,19,3,133,0,1,1,1,1,1,1.7661
19,1,0.33703,0.28591,0.31147,20,26,106,1,1,1,1,1,1,1.3829
19,1,0.33703,0.28591,0.31147,21,14,121,1,1,0,0,1,1,2.4687
19,1,0.33703,0.28591,0.31147,22,17,113,1,0,1,1,1,1,1.4037
19,1,0.33703,0.28591,0.31147,23,14,121,1,0,1,1,1,1,1.1747
19,1,0.33703,0.28591,0.31147,24,18,111,1,0,1,1,1,1,2.2203
19,1,0.33703,0.28591,0.31147,25,4,128,1,1,0,0,1,1,1.5533
19,1,0.33703,0.28591,0.31147,28,24,110,0,1,1,1,1,1,1.9958
19,1,0.33703,0.28591,0.31147,29,22,115,0,1,1,1,1,1,1.4863
19,1,0.33703,0.28591,0.31147,30,14,121,1,1,1,1,1,1,1.7789
19,1,0.33703,0.28591,0.31147,31,22,115,0,0,1,1,1,1,1.6255
19,1,0.33703,0.28591,0.31147,33,20,110,1,0,1,1,1,1,1.4965
19,1,0.33703,0.28591,0.31147,34,4,125,0,1,0,0,1,1,2.9603
19,1,0.33703,0.28591,0.31147,35,14,115,0,1,0,0,1,1,1.9055
19,1,0.33703,0.28591,0.31147,36,8,129,1,0,1,1,1,1,1.7117
19,1,0.33703,0.28591,0.31147,37,13,118,1,1,1,1,1,1,1.5053
19,1,0.33703,0.28591,0.31147,38,17,113,1,0,0,0,1,1,1.8203
19,1,0.33703,0.28591,0.31147,40,13,118,0,0,1,1,1,1,1.5779
19,1,0.33703,0.28591,0.31147,42,25,106,1,0,1,1,1,1,1.4161
19,1,0.33703,0.28591,0.31147,43,10,128,0,0,1,1,1,1,1.6314
19,1,0.33703,0.28591,0.31147,44,15,121,0,1,0,0,1,1,2.3495
19,1,0.33703,0.28591,0.31147,45,15,121,0,0,0,0,1,1,1.6665
19,1,0.33703,0.28591,0.31147,46,18,117,0,0,0,0,1,1,2.4238
19,1,0.33703,0.28591,0.31147,47,17,113,1,1,1,1,1,1,2.7554
19,1,0.33703,0.28591,0.31147,48,5,133,1,1,0,0,1,1,1.5169
19,1,0.33703,0.28591,0.31147,49,18,111,1,0,0,0,1,1,1.4298
19,1,0.33703,0.28591,0.31147,50,7,128,0,1,0,0,1,1,2.0306
19,1,0.33703,0.28591,0.31147,52,24,110,1,1,1,1,1,1,1.4328
19,1,0.33703,0.28591,0.31147,53,1,134,1,1,0,0,1,1,1.6979
19,1,0.33703,0.28591,0.31147,54,1,136,0,1,1,1,1,1,1.6278
19,1,0.33703,0.28591,0.31147,55,30,96,1,1,1,1,1,1,1.8415
19,1,0.33703,0.28591,0.31147,56,6,129,1,0,0,0,1,1,1.3139
19,1,0.33703,0.28591,0.31147,57,14,115,0,1,1,1,1,1,1.3412
19,1,0.33703,0.28591,0.31147,58,24,110,1,0,0,0,1,1,1.2961
19,1,0.33703,0.28591,0.31147,59,28,100,0,0,1,1,1,1,1.4075
19,1,0.33703,0.28591,0.31147,60,12,122,1,1,1,1,1,1,1.3377
19,1,0.33703,0.28591,0.31147,61,2,131,1,1,1,1,1,1,1.4012
19,1,0.33703,0.28591,0.31147,62,25,111,0,0,1,1,1,1,1.3081
19,1,0.33703,0.28591,0.31147,65,1,134,1,1,1,1,1,1,1.5172
19,1,0.33703,0.28591,0.31147,66,6,129,0,0,0,0,1,1,1.2832
19,1,0.33703,0.28591,0.31147,67,22,111,1,1,0,0,1,1,1.6959
19,1,0.33703,0.28591,0.31147,69,26,105,0,0,1,1,1,1,1.4673
19,1,0.33703,0.28591,0.31147,70,14,115,0,0,1,1,1,1,1.4583
19,1,0.33703,0.28591,0.31147,71,13,118,1,0,0,0,1,1,1.5501
19,1,0.33703,0.28591,0.31147,73,3,129,1,1,0,0,1,1,1.4037
19,1,0.33703,0.28591,0.31147,74,21,114,1,1,0,0,1,1,1.7007
19,1,0.33703,0.28591,0.31147,75,5,129,0,1,1,1,1,1,1.9799
19,1,0.33703,0.28591,0.31147,76,29,102,0,0,1,1,1,1,1.6842
19,1,0.33703,0.28591,0.31147,77,15,116,1,1,1,1,1,1,1.2963
19,1,0.33703,0.28591,0.31147,78,29,93,1,1,0,0,1,1,1.2881
19,1,0.33703,0.28591,0.31147,79,9,125,1,1,1,1,1,1,1.4038
19,1,0.33703,0.28591,0.31147,82,25,106,1,1,1,1,1,1,1.4952
19,1,0.33703,0.28591,0.31147,84,8,128,0,1,0,0,1,1,1.3507
19,1,0.33703,0.28591,0.31147,85,6,129,0,1,0,0,1,1,1.7458
19,1,0.33703,0.28591,0.31147,86,23,109,1,1,1,1,1,1,1.6058
19,1,0.33703,0.28591,0.31147,88,20,110,1,1,1,1,1,1,1.6983
19,1,0.33703,0.28591,0.31147,89,9,129,0,1,1,1,1,1,1.7307
19,1,0.33703,0.28591,0.31147,90,25,111,0,1,1,1,1,1,1.7682
19,1,0.33703,0.28591,0.31147,91,6,129,0,1,1,1,0,1,2.0943
19,1,0.33703,0.28591,0.31147,92,18,111,1,1,0,0,1,1,1.8175
19,1,0.33703,0.28591,0.31147,93,19,115,1,0,0,0,1,1,1.2928
19,1,0.33703,0.28591,0.31147,94,9,125,1,0,0,0,1,1,1.6583
19,1,0.33703,0.28591,0.31147,95,28,108,1,1,0,0,1,1,1.4434
19,1,0.33703,0.28591,0.31147,97,3,129,1,0,1,1,1,1,1.4618
19,1,0.33703,0.28591,0.31147,98,9,125,1,0,1,1,1,1,1.7057
19,1,0.33703,0.28591,0.31147,99,16,128,1,0,1,1,1,1,1.8946
19,1,0.33703,0.28591,0.31147,101,18,117,0,1,1,1,1,1,1.7588
19,1,0.33703,0.28591,0.31147,102,10,128,0,0,0,0,1,1,1.5112
19,1,0.33703,0.28591,0.31147,104,19,115,1,0,1,1,0,1,1.6939
19,1,0.33703,0.28591,0.31147,105,16,111,0,0,1,1,1,1,1.8056
19,1,0.33703,0.28591,0.31147,106,13,118,1,0,1,1,1,1,1.5267
19,1,0.33703,0.28591,0.31147,107,4,128,1,1,1,1,0,1,1.5001
19,1,0.33703,0.28591,0.31147,108,27,104,0,1,1,1,1,1,1.6437
19,1,0.33703,0.28591,0.31147,109,7,127,1,1,0,0,1,1,2.7106
19,1,0.33703,0.28591,0.31147,112,8,129,1,1,0,0,1,1,1.8209
19,1,0.33703,0.28591,0.31147,114,20,110,1,0,0,0,1,1,2.7779
19,1,0.33703,0.28591,0.31147,115,16,128,1,1,0,0,1,1,1.7388
19,1,0.33703,0.28591,0.31147,116,29,102,0,1,1,1,1,1,1.5447
19,1,0.33703,0.28591,0.31147,117,24,110,1,1,0,0,1,1,1.681
19,1,0.33703,0.28591,0.31147,118,30,97,0,0,0,0,1,1,1.3496
19,1,0.33703,0.28591,0.31147,119,21,109,0,0,1,1,1,1,1.3819
19,1,0.33703,0.28591,0.31147,120,23,103,0,0,1,1,1,1,1.3325
19,1,0.33703,0.28591,0.31147,122,27,104,0,0,1,1,1,1,1.2732
19,1,0.33703,0.28591,0.31147,123,28,100,0,0,0,0,1,1,1.7399
19,1,0.33703,0.28591,0.31147,124,5,129,0,0,0,0,1,1,1.4447
19,1,0.33703,0.28591,0.31147,126,21,114,1,0,1,1,1,1,1.3974
19,1,0.33703,0.28591,0.31147,127,20,115,0,1,1,1,1,1,1.3644
19,1,0.33703,0.28591,0.31147,128,8,128,0,0,0,0,1,1,1.5968
19,1,0.33703,0.28591,0.31147,130,4,125,0,0,1,1,1,1,1.3662
19,1,0.33703,0.28591,0.31147,131,22,115,0,1,0,0,1,1,1.3342
19,1,0.33703,0.28591,0.31147,132,7,128,0,1,1,1,1,1,1.4122
19,1,0.33703,0.28591,0.31147,134,22,111,1,0,1,1,1,1,1.2188
19,1,0.33703,0.28591,0.31147,135,11,125,0,0,1,1,1,1,1.7831
19,1,0.33703,0.28591,0.31147,139,2,133,0,0,1,1,1,1,1.7922
19,1,0.33703,0.28591,0.31147,140,23,103,0,1,0,0,1,1,1.516
19,1,0.33703,0.28591,0.31147,141,3,129,1,1,1,1,1,1,1.174
19,1,0.33703,0.28591,0.31147,142,8,128,0,1,1,1,1,1,1.1877
19,1,0.33703,0.28591,0.31147,143,26,105,0,1,0,0,1,1,2.1298
19,1,0.33703,0.28591,0.31147,144,29,93,1,0,1,1,1,1,1.2363
19,1,0.33703,0.28591,0.31147,145,26,106,1,0,1,1,1,1,1.3318
19,1,0.33703,0.28591,0.31147,146,16,111,0,1,1,1,0,1,1.4428
19,1,0.33703,0.28591,0.31147,148,3,133,0,0,1,1,1,1,1.566
19,1,0.33703,0.28591,0.31147,150,10,124,1,0,1,1,1,1,1.9376
19,1,0.33703,0.28591,0.31147,151,24,110,1,0,1,1,1,1,1.3491
19,1,0.33703,0.28591,0.31147,152,22,111,1,1,1,1,1,1,1.4392
19,1,0.33703,0.28591,0.31147,153,16,128,1,1,1,1,1,1,1.5965
19,1,0.33703,0.28591,0.31147,158,22,115,0,0,0,0,1,1,1.8523
19,1,0.33703,0.28591,0.31147,160,28,108,1,0,1,1,1,1,1.4959
19,1,0.33703,0.28591,0.31147,162,12,117,0,0,1,1,1,1,1.4439
19,1,0.33703,0.28591,0.31147,163,12,122,1,1,0,0,1,1,1.4644
19,1,0.33703,0.28591,0.31147,164,12,122,1,0,1,1,1,1,1.3007
19,1,0.33703,0.28591,0.31147,166,2,131,1,1,0,0,1,1,3.2654
19,1,0.33703,0.28591,0.31147,170,2,131,1,0,1,1,1,1,1.259
19,1,0.33703,0.28591,0.31147,171,29,93,1,0,0,0,1,1,1.756
19,1,0.33703,0.28591,0.31147,172,24,110,0,0,1,1,1,1,1.3398
19,1,0.33703,0.28591,0.31147,173,25,106,1,1,0,0,1,1,1.6245
19,1,0.33703,0.28591,0.31147,176,5,133,1,0,0,0,1,1,1.41
19,1,0.33703,0.28591,0.31147,177,13,118,0,1,1,1,1,1,1.734
19,1,0.33703,0.28591,0.31147,178,5,133,1,1,1,1,1,1,1.3264
19,1,0.33703,0.28591,0.31147,181,28,100,0,1,1,1,1,1,1.7175
19,1,0.33703,0.28591,0.31147,182,9,129,0,0,1,1,1,1,1.8757
19,1,0.33703,0.28591,0.31147,184,8,129,1,1,1,1,1,1,1.6736
19,1,0.33703,0.28591,0.31147,186,20,110,1,1,0,0,1,1,1.7426
19,1,0.33703,0.28591,0.31147,188,29,102,0,1,0,0,1,1,1.5263
19,1,0.33703,0.28591,0.31147,189,27,106,1,1,0,0,1,1,1.9418
19,1,0.33703,0.28591,0.31147,190,21,109,0,1,0,0,1,1,1.4397
19,1,0.33703,0.28591,0.31147,191,24,110,0,0,0,0,1,1,2.1912
19,1,0.33703,0.28591,0.31147,193,12,117,0,0,0,0,1,1,1.3497
19,1,0.33703,0.28591,0.31147,194,27,104,0,1,0,0,1,1,1.4441
19,1,0.33703,0.28591,0.31147,196,7,128,0,0,1,1,1,1,1.4444
19,1,0.33703,0.28591,0.31147,197,15,121,0,1,1,1,1,1,1.2745
19,1,0.33703,0.28591,0.31147,198,30,97,0,1,0,0,1,1,1.886
19,1,0.33703,0.28591,0.31147,199,27,104,0,0,0,0,1,1,1.5733
19,1,0.33703,0.28591,0.31147,201,10,128,0,1,0,0,1,1,1.7164
19,1,0.33703,0.28591,0.31147,203,1,134,1,0,1,1,1,1,1.4887
19,1,0.33703,0.28591,0.31147,204,30,97,0,1,1,1,1,1,1.6322
19,1,0.33703,0.28591,0.31147,205,10,128,0,1,1,1,1,1,1.2939
19,1,0.33703,0.28591,0.31147,207,12,117,0,1,0,0,1,1,1.257
19,1,0.33703,0.28591,0.31147,208,5,129,0,0,1,1,1,1,1.2463
19,1,0.33703,0.28591,0.31147,210,2,131,1,0,0,0,1,1,1.9097
19,1,0.33703,0.28591,0.31147,216,10,124,1,0,0,0,1,1,1.7508
19,1,0.33703,0.28591,0.31147,217,19,112,0,1,0,0,1,1,3.2692
19,1,0.33703,0.28591,0.31147,218,12,117,0,1,1,1,1,1,1.4316
19,1,0.33703,0.28591,0.31147,219,25,111,0,1,0,0,1,1,1.2919
19,1,0.33703,0.28591,0.31147,220,6,129,0,0,1,1,1,1,1.7918
19,1,0.33703,0.28591,0.31147,222,6,129,1,0,1,1,1,1,1.7334
19,1,0.33703,0.28591,0.31147,227,20,115,0,0,1,1,1,1,1.6608
19,1,0.33703,0.28591,0.31147,228,8,128,0,0,1,1,1,1,1.1646
19,1,0.33703,0.28591,0.31147,231,23,109,1,0,0,0,1,1,1.9215
19,1,0.33703,0.28591,0.31147,233,13,118,0,0,0,0,1,1,1.7191
19,1,0.33703,0.28591,0.31147,234,17,121,0,1,1,1,1,1,1.3208
19,1,0.33703,0.28591,0.31147,235,26,106,1,0,0,0,1,1,1.4162
19,1,0.33703,0.28591,0.31147,236,19,112,0,1,1,1,1,1,1.3542
19,1,0.33703,0.28591,0.31147,238,25,111,0,0,0,0,1,1,1.343
19,1,0.33703,0.28591,0.31147,240,14,115,0,0,0,0,1,1,1.4926
19,1,0.33703,0.28591,0.31147,247,23,109,1,1,0,0,1,1,1.4694
19,1,0.33703,0.28591,0.31147,249,15,116,1,1,0,0,1,1,1.798
19,1,0.33703,0.28591,0.31147,250,18,117,0,1,0,0,1,1,1.3438
19,1,0.33703,0.28591,0.31147,251,23,109,1,0,1,1,1,1,1.3715
19,1,0.33703,0.28591,0.31147,254,11,123,1,0,0,0,0,1,1.4315
19,1,0.33703,0.28591,0.31147,256,15,116,1,0,1,1,1,1,1.4442
19,1,0.33703,0.28591,0.31147,257,21,109,0,0,0,0,1,1,1.5026
19,1,0.33703,0.28591,0.31147,258,5,129,0,1,0,0,0,1,1.3097
19,1,0.33703,0.28591,0.31147,259,29,93,1,1,1,1,1,1,1.5689
19,1,0.33703,0.28591,0.31147,260,11,125,0,1,0,0,1,1,2.616
19,1,0.33703,0.28591,0.31147,262,25,106,1,0,0,0,1,1,1.2713
19,1,0.33703,0.28591,0.31147,265,10,124,1,1,1,1,1,1,1.3401
19,1,0.33703,0.28591,0.31147,266,4,125,0,1,1,1,1,1,1.362
19,1,0.33703,0.28591,0.31147,267,3,133,0,0,0,0,1,1,1.3791
19,1,0.33703,0.28591,0.31147,272,24,110,0,1,0,0,1,1,1.3336
19,1,0.33703,0.28591,0.31147,273,27,106,1,0,1,1,1,1,1.4801
19,1,0.33703,0.28591,0.31147,274,17,121,0,0,1,1,1,1,1.78
19,1,0.33703,0.28591,0.31147,275,14,121,1,0,0,0,1,1,1.556
19,1,0.33703,0.28591,0.31147,280,11,123,1,1,0,0,1,1,1.6102
19,1,0.33703,0.28591,0.31147,281,4,125,0,0,0,0,1,1,1.4053
19,1,0.33703,0.28591,0.31147,282,17,121,0,1,0,0,1,1,1.5342
19,1,0.33703,0.28591,0.31147,283,18,117,0,0,1,1,1,1,1.1995
19,1,0.33703,0.28591,0.31147,285,7,127,1,0,0,0,1,1,1.4959
19,1,0.33703,0.28591,0.31147,289,16,111,0,1,0,0,1,1,1.6971
19,1,0.33703,0.28591,0.31147,290,21,114,1,0,0,0,1,1,1.327
19,1,0.33703,0.28591,0.31147,292,7,128,0,0,0,0,1,1,1.4919
19,1,0.33703,0.28591,0.31147,294,26,105,0,1,1,1,1,1,2.3773
19,1,0.33703,0.28591,0.31147,295,12,122,1,0,0,0,1,1,1.5792
19,1,0.33703,0.28591,0.31147,296,1,134,1,0,0,0,0,1,1.4594
19,1,0.33703,0.28591,0.31147,299,28,108,1,1,1,1,1,1,1.5246
19,1,0.33703,0.28591,0.31147,301,20,115,0,1,0,0,1,1,1.9496
19,1,0.33703,0.28591,0.31147,303,4,128,1,0,0,0,1,1,1.4623
19,1,0.33703,0.28591,0.31147,306,20,115,0,0,0,0,1,1,1.5858
19,1,0.33703,0.28591,0.31147,308,27,106,1,1,1,1,1,1,1.2648
19,1,0.33703,0.28591,0.31147,309,1,136,0,0,0,0,1,1,1.5469
19,1,0.33703,0.28591,0.31147,311,19,112,0,0,0,0,1,1,1.3954
19,1,0.33703,0.28591,0.31147,313,29,102,0,0,0,0,1,1,2.0145
19,1,0.33703,0.28591,0.31147,319,30,96,1,0,0,0,1,1,1.4066
19,1,0.33703,0.28591,0.31147,321,21,109,0,1,1,1,1,1,1.6454
19,1,0.33703,0.28591,0.31147,322,30,96,1,1,0,0,1,1,1.2439
19,1,0.33703,0.28591,0.31147,327,17,113,1,1,0,0,1,1,1.9315
19,1,0.33703,0.28591,0.31147,328,19,112,0,0,1,1,1,1,1.2558
19,1,0.33703,0.28591,0.31147,335,16,111,0,0,0,0,1,1,1.4769
19,1,0.33703,0.28591,0.31147,336,22,111,1,0,0,0,1,1,1.5852
19,1,0.33703,0.28591,0.31147,337,1,136,0,1,0,0,1,1,1.5931
19,1,0.33703,0.28591,0.31147,340,19,115,1,1,1,1,1,1,1.6691
19,1,0.33703,0.28591,0.31147,343,11,123,1,0,1,1,1,1,1.3345
19,1,0.33703,0.28591,0.31147,344,6,129,1,1,0,0,1,1,1.5502
19,1,0.33703,0.28591,0.31147,345,16,128,1,0,0,0,1,1,2.1098
19,1,0.33703,0.28591,0.31147,347,28,108,1,0,0,0,0,1,1.7803
19,1,0.33703,0.28591,0.31147,350,6,129,1,1,1,1,1,1,1.6389
19,1,0.33703,0.28591,0.31147,352,4,128,1,0,1,1,1,1,1.4998
19,1,0.33703,0.28591,0.31147,358,2,133,0,0,0,0,1,1,1.6027
19,1,0.33703,0.28591,0.31147,359,19,115,1,1,0,0,1,1,2.7073
19,1,0.33703,0.28591,0.31147,361,17,121,0,0,0,0,1,1,1.5217
19,1,0.33703,0.28591,0.31147,362,28,100,0,1,0,0,1,1,1.8463
19,1,0.33703,0.28591,0.31147,363,9,129,0,0,0,0,1,1,1.427
19,1,0.33703,0.28591,0.31147,370,9,125,1,1,0,0,1,1,1.693
19,1,0.33703,0.28591,0.31147,371,2,133,0,1,0,0,1,1,1.4954
19,1,0.33703,0.28591,0.31147,372,26,105,0,0,0,0,1,1,1.8737
19,1,0.33703,0.28591,0.31147,376,11,125,0,0,0,0,1,1,1.3185
19,1,0.33703,0.28591,0.31147,380,1,136,0,0,1,1,1,1,1.5902
19,1,0.33703,0.28591,0.31147,383,13,118,1,1,0,0,1,1,1.8037
19,1,0.33703,0.28591,0.31147,385,3,133,0,1,0,0,1,1,1.3935
19,1,0.33703,0.28591,0.31147,389,8,129,1,0,0,0,1,1,1.6437
19,1,0.33703,0.28591,0.31147,391,13,118,0,1,0,0,1,1,1.5404
19,1,0.33703,0.28591,0.31147,393,26,106,1,1,0,0,1,1,1.8523
19,1,0.33703,0.28591,0.31147,397,23,103,0,0,0,0,1,1,1.6852
19,1,0.33703,0.28591,0.31147,399,27,106,1,0,0,0,1,1,1.4226
subID,domEyeR,threshStHi,threshStLo,thresh,Trial_number,Sentence_ID,Sentence_pixel_length,Congruent_1,Familiar_1,LocationTop_1,Cued_1,Trialcorrect_1,Trialbroken_1,ST
17,1,0.75984,0.64969,0.70476,1,21,109,0,1,0,0,0,0,5.014
17,1,0.75984,0.64969,0.70476,2,23,103,0,1,1,1,1,1,1.8249
17,1,0.75984,0.64969,0.70476,3,12,122,1,1,1,1,1,1,1.2329
17,1,0.75984,0.64969,0.70476,4,19,115,1,0,1,1,1,1,1.4636
17,1,0.75984,0.64969,0.70476,5,7,128,0,0,1,1,1,1,1.1139
17,1,0.75984,0.64969,0.70476,6,22,115,0,0,1,1,1,1,2.8171
17,1,0.75984,0.64969,0.70476,8,2,131,1,1,0,0,1,1,1.5837
17,1,0.75984,0.64969,0.70476,9,5,129,0,1,1,1,1,1,1.2946
17,1,0.75984,0.64969,0.70476,11,1,136,0,0,1,1,1,1,1.4066
17,1,0.75984,0.64969,0.70476,12,18,111,1,0,1,1,1,1,1.3267
17,1,0.75984,0.64969,0.70476,13,13,118,0,0,0,0,1,1,1.7928
17,1,0.75984,0.64969,0.70476,14,28,108,1,1,0,0,1,1,2.1664
17,1,0.75984,0.64969,0.70476,15,21,114,1,0,1,1,1,1,1.3814
17,1,0.75984,0.64969,0.70476,16,30,96,1,0,1,1,1,1,1.3634
17,1,0.75984,0.64969,0.70476,17,27,106,1,1,0,0,1,1,1.2905
17,1,0.75984,0.64969,0.70476,19,10,124,1,1,1,1,1,1,1.2412
17,1,0.75984,0.64969,0.70476,20,4,128,1,1,0,0,1,1,1.1376
17,1,0.75984,0.64969,0.70476,23,12,117,0,1,1,1,1,1,1.4208
17,1,0.75984,0.64969,0.70476,25,15,116,1,0,1,1,1,1,1.7457
17,1,0.75984,0.64969,0.70476,26,13,118,1,0,1,1,1,1,1.4555
17,1,0.75984,0.64969,0.70476,27,12,117,0,0,0,0,1,1,1.1281
17,1,0.75984,0.64969,0.70476,28,11,123,1,1,1,1,1,1,1.2364
17,1,0.75984,0.64969,0.70476,29,18,117,0,1,1,1,1,1,1.1806
17,1,0.75984,0.64969,0.70476,31,14,121,1,0,1,1,1,1,1.3466
17,1,0.75984,0.64969,0.70476,32,9,125,1,1,1,1,1,1,1.1814
17,1,0.75984,0.64969,0.70476,34,24,110,1,1,1,1,1,1,1.3258
17,1,0.75984,0.64969,0.70476,35,24,110,0,0,1,1,1,1,1.1812
17,1,0.75984,0.64969,0.70476,36,13,118,1,1,1,1,1,1,2.2736
17,1,0.75984,0.64969,0.70476,37,27,104,0,1,1,1,1,1,1.2762
17,1,0.75984,0.64969,0.70476,38,17,121,0,0,1,1,1,1,2.1425
17,1,0.75984,0.64969,0.70476,39,29,102,0,1,1,1,1,1,1.0096
17,1,0.75984,0.64969,0.70476,40,30,96,1,0,0,0,1,1,1.6255
17,1,0.75984,0.64969,0.70476,41,2,133,0,0,1,1,1,1,1.2951
17,1,0.75984,0.64969,0.70476,43,17,113,1,1,0,0,1,1,2.7357
17,1,0.75984,0.64969,0.70476,44,7,128,0,1,0,0,1,1,1.2903
17,1,0.75984,0.64969,0.70476,45,16,128,1,0,1,1,1,1,1.1381
17,1,0.75984,0.64969,0.70476,46,27,104,0,1,0,0,1,1,1.1212
17,1,0.75984,0.64969,0.70476,47,22,111,1,1,1,1,1,1,1.0543
17,1,0.75984,0.64969,0.70476,48,13,118,0,0,1,1,1,1,1.223
17,1,0.75984,0.64969,0.70476,53,9,129,0,1,0,0,1,1,1.1355
17,1,0.75984,0.64969,0.70476,54,21,114,1,1,0,0,1,1,1.015
17,1,0.75984,0.64969,0.70476,55,9,129,0,0,0,0,1,1,2.6684
17,1,0.75984,0.64969,0.70476,56,8,129,1,1,1,1,1,1,1.2597
17,1,0.75984,0.64969,0.70476,58,15,116,1,1,1,1,1,1,1.0406
17,1,0.75984,0.64969,0.70476,59,24,110,0,0,0,0,1,1,1.1323
17,1,0.75984,0.64969,0.70476,60,14,121,1,1,1,1,1,1,1.2179
17,1,0.75984,0.64969,0.70476,61,21,114,1,1,1,1,1,1,1.418
17,1,0.75984,0.64969,0.70476,63,25,106,1,1,1,1,1,1,1.0919
17,1,0.75984,0.64969,0.70476,64,7,127,1,1,1,1,1,1,1.2083
17,1,0.75984,0.64969,0.70476,65,22,111,1,0,1,1,1,1,1.1932
17,1,0.75984,0.64969,0.70476,66,25,111,0,0,1,1,1,1,3.7606
17,1,0.75984,0.64969,0.70476,67,21,114,1,0,0,0,1,1,1.245
17,1,0.75984,0.64969,0.70476,68,3,129,1,0,1,1,1,1,1.043
17,1,0.75984,0.64969,0.70476,69,3,129,1,1,0,0,1,1,0.91521
17,1,0.75984,0.64969,0.70476,70,1,134,1,1,1,1,1,1,1.3802
17,1,0.75984,0.64969,0.70476,71,26,106,1,0,0,0,1,1,1.1095
17,1,0.75984,0.64969,0.70476,73,29,93,1,1,0,0,1,1,2.6008
17,1,0.75984,0.64969,0.70476,74,3,129,1,0,0,0,1,1,1.1103
17,1,0.75984,0.64969,0.70476,75,20,115,0,0,1,1,1,1,1.4893
17,1,0.75984,0.64969,0.70476,76,3,129,1,1,1,1,1,1,1.189
17,1,0.75984,0.64969,0.70476,77,8,129,1,0,0,0,1,1,1.0521
17,1,0.75984,0.64969,0.70476,78,30,97,0,0,1,1,1,1,2.7823
17,1,0.75984,0.64969,0.70476,79,20,115,0,1,1,1,1,1,1.2814
17,1,0.75984,0.64969,0.70476,80,5,133,1,1,1,1,1,1,1.4299
17,1,0.75984,0.64969,0.70476,81,20,115,0,1,0,0,1,1,1.1846
17,1,0.75984,0.64969,0.70476,82,16,111,0,1,1,1,1,1,1.6078
17,1,0.75984,0.64969,0.70476,83,2,131,1,0,1,1,1,1,1.3515
17,1,0.75984,0.64969,0.70476,84,9,129,0,0,1,1,1,1,3.4736
17,1,0.75984,0.64969,0.70476,87,12,122,1,1,0,0,1,1,1.6909
17,1,0.75984,0.64969,0.70476,88,11,123,1,0,1,1,1,1,1.4487
17,1,0.75984,0.64969,0.70476,90,22,115,0,1,0,0,1,1,1.0416
17,1,0.75984,0.64969,0.70476,91,23,109,1,1,0,0,1,1,1.6832
17,1,0.75984,0.64969,0.70476,92,28,108,1,0,1,1,1,1,1.5234
17,1,0.75984,0.64969,0.70476,93,26,105,0,0,1,1,1,1,1.9721
17,1,0.75984,0.64969,0.70476,95,24,110,1,0,1,1,1,1,2.4368
17,1,0.75984,0.64969,0.70476,96,28,100,0,1,1,1,1,1,2.0106
17,1,0.75984,0.64969,0.70476,97,8,128,0,0,1,1,1,1,2.1593
17,1,0.75984,0.64969,0.70476,99,26,106,1,0,1,1,1,1,1.1975
17,1,0.75984,0.64969,0.70476,100,10,128,0,1,1,1,1,1,1.603
17,1,0.75984,0.64969,0.70476,101,4,128,1,0,0,0,1,1,1.0774
17,1,0.75984,0.64969,0.70476,102,3,133,0,0,0,0,1,1,1.8741
17,1,0.75984,0.64969,0.70476,104,2,133,0,1,0,0,1,1,1.1484
17,1,0.75984,0.64969,0.70476,106,2,131,1,1,1,1,1,1,1.2578
17,1,0.75984,0.64969,0.70476,111,12,117,0,1,0,0,1,1,1.2217
17,1,0.75984,0.64969,0.70476,112,17,121,0,1,1,1,1,1,2.9347
17,1,0.75984,0.64969,0.70476,113,15,121,0,0,1,1,1,1,1.236
17,1,0.75984,0.64969,0.70476,114,19,112,0,0,1,1,1,1,1.3593
17,1,0.75984,0.64969,0.70476,115,29,102,0,0,0,0,1,1,1.9605
17,1,0.75984,0.64969,0.70476,118,26,106,1,1,1,1,1,1,1.8613
17,1,0.75984,0.64969,0.70476,119,5,133,1,1,0,0,1,1,1.7358
17,1,0.75984,0.64969,0.70476,120,12,117,0,0,1,1,1,1,1.9072
17,1,0.75984,0.64969,0.70476,121,18,117,0,0,0,0,1,1,2.0285
17,1,0.75984,0.64969,0.70476,122,10,128,0,0,1,1,1,1,1.4649
17,1,0.75984,0.64969,0.70476,123,2,133,0,0,0,0,1,1,1.3243
17,1,0.75984,0.64969,0.70476,124,1,136,0,1,0,0,1,1,1.2169
17,1,0.75984,0.64969,0.70476,126,13,118,0,1,0,0,1,1,2.2639
17,1,0.75984,0.64969,0.70476,127,25,106,1,0,1,1,1,1,2.3054
17,1,0.75984,0.64969,0.70476,128,13,118,0,1,1,1,1,1,1.5813
17,1,0.75984,0.64969,0.70476,129,29,102,0,1,0,0,1,1,1.7022
17,1,0.75984,0.64969,0.70476,130,24,110,0,1,1,1,1,1,1.4926
17,1,0.75984,0.64969,0.70476,133,19,112,0,1,1,1,1,1,1.4379
17,1,0.75984,0.64969,0.70476,134,28,108,1,1,1,1,1,1,1.2957
17,1,0.75984,0.64969,0.70476,136,11,125,0,1,1,1,1,1,2.2646
17,1,0.75984,0.64969,0.70476,139,23,103,0,0,1,1,1,1,3.463
17,1,0.75984,0.64969,0.70476,140,27,104,0,0,0,0,1,1,1.3556
17,1,0.75984,0.64969,0.70476,141,5,129,0,0,1,1,1,1,1.4338
17,1,0.75984,0.64969,0.70476,142,5,133,1,0,1,1,1,1,1.3546
17,1,0.75984,0.64969,0.70476,143,29,93,1,0,1,1,1,1,1.172
17,1,0.75984,0.64969,0.70476,145,16,128,1,1,1,1,1,1,1.5177
17,1,0.75984,0.64969,0.70476,146,17,113,1,0,1,1,1,1,1.3302
17,1,0.75984,0.64969,0.70476,148,3,133,0,1,1,1,1,1,2.4446
17,1,0.75984,0.64969,0.70476,149,10,124,1,1,0,0,1,1,1.0925
17,1,0.75984,0.64969,0.70476,150,16,128,1,0,0,0,1,1,1.0881
17,1,0.75984,0.64969,0.70476,152,6,129,1,1,1,1,1,1,2.6256
17,1,0.75984,0.64969,0.70476,155,9,125,1,1,0,0,1,1,1.1317
17,1,0.75984,0.64969,0.70476,157,21,109,0,0,0,0,1,1,1.2972
17,1,0.75984,0.64969,0.70476,160,2,133,0,1,1,1,1,1,3.6353
17,1,0.75984,0.64969,0.70476,161,20,110,1,0,1,1,1,1,2.478
17,1,0.75984,0.64969,0.70476,162,18,117,0,1,0,0,1,1,1.2738
17,1,0.75984,0.64969,0.70476,163,3,133,0,0,1,1,1,1,1.391
17,1,0.75984,0.64969,0.70476,164,7,128,0,0,0,0,1,1,1.1893
17,1,0.75984,0.64969,0.70476,168,20,110,1,1,1,1,1,1,1.2442
17,1,0.75984,0.64969,0.70476,169,14,115,0,0,1,1,1,1,3.1966
17,1,0.75984,0.64969,0.70476,170,10,124,1,0,1,1,1,1,1.1924
17,1,0.75984,0.64969,0.70476,172,6,129,1,0,1,1,1,1,1.9488
17,1,0.75984,0.64969,0.70476,175,14,115,0,0,0,0,1,1,1.4572
17,1,0.75984,0.64969,0.70476,177,7,127,1,0,1,1,1,1,1.0959
17,1,0.75984,0.64969,0.70476,180,9,125,1,0,1,1,1,1,1.0018
17,1,0.75984,0.64969,0.70476,183,25,111,0,1,1,1,1,1,1.5988
17,1,0.75984,0.64969,0.70476,184,11,125,0,0,1,1,1,1,1.1124
17,1,0.75984,0.64969,0.70476,185,15,116,1,0,0,0,1,1,1.1843
17,1,0.75984,0.64969,0.70476,187,2,131,1,0,0,0,1,1,1.1338
17,1,0.75984,0.64969,0.70476,188,22,111,1,1,0,0,1,1,0.90818
17,1,0.75984,0.64969,0.70476,190,16,111,0,0,0,0,1,1,0.98797
17,1,0.75984,0.64969,0.70476,193,15,121,0,1,0,0,1,1,0.98346
17,1,0.75984,0.64969,0.70476,194,9,125,1,0,0,0,1,1,2.3341
17,1,0.75984,0.64969,0.70476,195,15,116,1,1,0,0,1,1,1.0192
17,1,0.75984,0.64969,0.70476,197,30,97,0,0,0,0,1,1,0.88362
17,1,0.75984,0.64969,0.70476,198,16,111,0,1,0,0,1,1,1.2038
17,1,0.75984,0.64969,0.70476,199,18,111,1,1,1,1,1,1,2.4467
17,1,0.75984,0.64969,0.70476,200,20,110,1,1,0,0,1,1,1.0176
17,1,0.75984,0.64969,0.70476,201,19,112,0,1,0,0,1,1,4.8261
17,1,0.75984,0.64969,0.70476,204,26,105,0,1,0,0,1,1,1.1516
17,1,0.75984,0.64969,0.70476,206,1,136,0,1,1,1,1,1,1.1271
17,1,0.75984,0.64969,0.70476,207,10,124,1,0,0,0,1,1,1.0812
17,1,0.75984,0.64969,0.70476,208,27,106,1,0,0,0,1,1,1.1871
17,1,0.75984,0.64969,0.70476,210,15,121,0,1,1,1,1,1,1.0443
17,1,0.75984,0.64969,0.70476,211,24,110,1,1,0,0,1,1,1.0315
17,1,0.75984,0.64969,0.70476,212,29,93,1,0,0,0,1,1,1.1227
17,1,0.75984,0.64969,0.70476,213,12,122,1,0,0,0,1,1,1.0909
17,1,0.75984,0.64969,0.70476,214,7,128,0,1,1,1,1,1,1.077
17,1,0.75984,0.64969,0.70476,215,8,128,0,1,0,0,1,1,1.1159
17,1,0.75984,0.64969,0.70476,217,8,129,1,0,1,1,1,1,1.1949
17,1,0.75984,0.64969,0.70476,218,19,115,1,1,1,1,1,1,1.2469
17,1,0.75984,0.64969,0.70476,219,20,110,1,0,0,0,1,1,0.94327
17,1,0.75984,0.64969,0.70476,220,21,109,0,0,1,1,1,1,3.1985
17,1,0.75984,0.64969,0.70476,221,5,129,0,1,0,0,1,1,1.0369
17,1,0.75984,0.64969,0.70476,222,4,128,1,1,1,1,1,1,1.2603
17,1,0.75984,0.64969,0.70476,224,18,111,1,0,0,0,1,1,1.6942
17,1,0.75984,0.64969,0.70476,225,29,102,0,0,1,1,1,1,1.3569
17,1,0.75984,0.64969,0.70476,226,25,106,1,1,0,0,1,1,2.9123
17,1,0.75984,0.64969,0.70476,227,6,129,0,0,1,1,1,1,2.1065
17,1,0.75984,0.64969,0.70476,228,13,118,1,1,0,0,1,1,1.4591
17,1,0.75984,0.64969,0.70476,229,26,105,0,1,1,1,1,1,1.2349
17,1,0.75984,0.64969,0.70476,230,14,115,0,1,1,1,1,1,1.0862
17,1,0.75984,0.64969,0.70476,231,23,109,1,0,0,0,1,1,0.9796
17,1,0.75984,0.64969,0.70476,233,16,128,1,1,0,0,1,1,1.347
17,1,0.75984,0.64969,0.70476,235,20,115,0,0,0,0,1,1,1.1049
17,1,0.75984,0.64969,0.70476,237,27,106,1,0,1,1,1,1,2.7469
17,1,0.75984,0.64969,0.70476,239,4,125,0,1,1,1,1,1,1.102
17,1,0.75984,0.64969,0.70476,241,8,128,0,1,1,1,1,1,1.0855
17,1,0.75984,0.64969,0.70476,243,3,133,0,1,0,0,1,1,1.4513
17,1,0.75984,0.64969,0.70476,244,28,100,0,1,0,0,1,1,1.1201
17,1,0.75984,0.64969,0.70476,246,26,105,0,0,0,0,1,1,0.98668
17,1,0.75984,0.64969,0.70476,248,23,109,1,0,1,1,1,1,1.1165
17,1,0.75984,0.64969,0.70476,249,21,109,0,1,1,1,1,1,1.2077
17,1,0.75984,0.64969,0.70476,252,1,136,0,0,0,0,1,1,0.97512
17,1,0.75984,0.64969,0.70476,254,6,129,0,0,0,0,1,1,1.1021
17,1,0.75984,0.64969,0.70476,255,17,113,1,1,1,1,1,1,4.4725
17,1,0.75984,0.64969,0.70476,257,7,127,1,1,0,0,1,1,1.6042
17,1,0.75984,0.64969,0.70476,258,14,121,1,0,0,0,1,1,3.3221
17,1,0.75984,0.64969,0.70476,261,22,115,0,1,1,1,1,1,1.4662
17,1,0.75984,0.64969,0.70476,264,30,96,1,1,1,1,1,1,1.6816
17,1,0.75984,0.64969,0.70476,266,4,125,0,0,1,1,1,1,1.761
17,1,0.75984,0.64969,0.70476,271,16,111,0,0,1,1,1,1,1.2302
17,1,0.75984,0.64969,0.70476,272,28,108,1,0,0,0,1,1,1.2676
17,1,0.75984,0.64969,0.70476,273,25,111,0,0,0,0,1,1,4.0365
17,1,0.75984,0.64969,0.70476,277,1,134,1,0,1,1,1,1,1.182
17,1,0.75984,0.64969,0.70476,278,11,125,0,0,0,0,1,1,1.1639
17,1,0.75984,0.64969,0.70476,279,28,100,0,0,1,1,1,1,1.9117
17,1,0.75984,0.64969,0.70476,290,24,110,0,1,0,0,1,1,1.213
17,1,0.75984,0.64969,0.70476,291,6,129,0,1,1,1,1,1,1.7597
17,1,0.75984,0.64969,0.70476,292,27,104,0,0,1,1,1,1,1.3731
17,1,0.75984,0.64969,0.70476,296,28,100,0,0,0,0,1,1,2.2606
17,1,0.75984,0.64969,0.70476,298,1,134,1,1,0,0,1,1,2.132
17,1,0.75984,0.64969,0.70476,301,4,125,0,0,0,0,1,1,1.2064
17,1,0.75984,0.64969,0.70476,303,4,128,1,0,1,1,1,1,1.2725
17,1,0.75984,0.64969,0.70476,304,10,128,0,0,0,0,1,1,1.2996
17,1,0.75984,0.64969,0.70476,305,25,111,0,1,0,0,1,1,1.1703
17,1,0.75984,0.64969,0.70476,307,30,97,0,1,1,1,1,1,1.4497
17,1,0.75984,0.64969,0.70476,309,24,110,1,0,0,0,1,1,1.3694
17,1,0.75984,0.64969,0.70476,311,29,93,1,1,1,1,1,1,1.4327
17,1,0.75984,0.64969,0.70476,315,23,109,1,1,1,1,1,1,1.2376
17,1,0.75984,0.64969,0.70476,316,27,106,1,1,1,1,1,1,1.2187
17,1,0.75984,0.64969,0.70476,317,11,125,0,1,0,0,1,1,0.98414
17,1,0.75984,0.64969,0.70476,318,6,129,1,0,0,0,1,1,1.0066
17,1,0.75984,0.64969,0.70476,322,12,122,1,0,1,1,1,1,1.0268
17,1,0.75984,0.64969,0.70476,326,8,129,1,1,0,0,1,1,1.6122
17,1,0.75984,0.64969,0.70476,327,22,115,0,0,0,0,1,1,1.2762
17,1,0.75984,0.64969,0.70476,328,9,129,0,1,1,1,1,1,1.0897
17,1,0.75984,0.64969,0.70476,331,5,129,0,0,0,0,1,1,1.0536
17,1,0.75984,0.64969,0.70476,332,23,103,0,0,0,0,1,1,1.0964
17,1,0.75984,0.64969,0.70476,335,22,111,1,0,0,0,1,1,2.1666
17,1,0.75984,0.64969,0.70476,341,8,128,0,0,0,0,1,1,1.2427
17,1,0.75984,0.64969,0.70476,342,13,118,1,0,0,0,1,1,3.0699
17,1,0.75984,0.64969,0.70476,343,14,115,0,1,0,0,1,1,1.0513
17,1,0.75984,0.64969,0.70476,344,17,121,0,1,0,0,1,1,1.3493
17,1,0.75984,0.64969,0.70476,346,14,121,1,1,0,0,1,1,1.8263
17,1,0.75984,0.64969,0.70476,349,7,127,1,0,0,0,1,1,1.0196
17,1,0.75984,0.64969,0.70476,351,10,128,0,1,0,0,1,1,3.4341
17,1,0.75984,0.64969,0.70476,353,11,123,1,1,0,0,1,1,2.3682
17,1,0.75984,0.64969,0.70476,360,17,113,1,0,0,0,1,1,1.8825
17,1,0.75984,0.64969,0.70476,362,30,97,0,1,0,0,1,1,1.26
17,1,0.75984,0.64969,0.70476,368,18,111,1,1,0,0,1,1,1.4407
17,1,0.75984,0.64969,0.70476,370,26,106,1,1,0,0,1,1,3.1819
17,1,0.75984,0.64969,0.70476,371,25,106,1,0,0,0,1,1,2.0343
17,1,0.75984,0.64969,0.70476,372,11,123,1,0,0,0,1,1,1.5056
17,1,0.75984,0.64969,0.70476,373,15,121,0,0,0,0,1,1,1.296
17,1,0.75984,0.64969,0.70476,375,30,96,1,1,0,0,1,1,1.201
17,1,0.75984,0.64969,0.70476,377,19,115,1,1,0,0,1,1,1.1576
17,1,0.75984,0.64969,0.70476,379,1,134,1,0,0,0,1,1,1.2231
17,1,0.75984,0.64969,0.70476,381,6,129,0,1,0,0,1,1,1.07
17,1,0.75984,0.64969,0.70476,382,6,129,1,1,0,0,1,1,1.0658
17,1,0.75984,0.64969,0.70476,384,5,133,1,0,0,0,1,1,1.086
17,1,0.75984,0.64969,0.70476,388,23,103,0,1,0,0,1,1,1.2089
17,1,0.75984,0.64969,0.70476,389,19,115,1,0,0,0,1,1,1.2296
17,1,0.75984,0.64969,0.70476,392,4,125,0,1,0,0,1,1,1.1422
17,1,0.75984,0.64969,0.70476,394,18,117,0,0,1,1,1,1,1.3177
17,1,0.75984,0.64969,0.70476,397,19,112,0,0,0,0,1,1,1.7888
17,1,0.75984,0.64969,0.70476,400,17,121,0,0,0,0,1,1,1.3414

subID,domEyeR,threshStHi,threshStLo,thresh,Trial_number,Sentence_ID,Sentence_pixel_length,Congruent_1,Familiar_1,LocationTop_1,Cued_1,Trialcorrect_1,Trialbroken_1,ST
14,1,0.31181,0.23408,0.27294,1,5,133,1,0,1,1,1,1,1.4901
14,1,0.31181,0.23408,0.27294,2,28,108,1,0,0,0,1,1,1.2797
14,1,0.31181,0.23408,0.27294,5,27,104,0,0,1,1,1,1,1.5523
14,1,0.31181,0.23408,0.27294,6,21,109,0,0,1,1,1,1,1.4809
14,1,0.31181,0.23408,0.27294,8,18,117,0,0,1,1,1,1,1.3432
14,1,0.31181,0.23408,0.27294,9,10,128,0,0,0,0,1,1,1.1362
14,1,0.31181,0.23408,0.27294,10,7,127,1,0,0,0,1,1,1.3416
14,1,0.31181,0.23408,0.27294,11,11,123,1,1,1,1,1,1,1.274
14,1,0.31181,0.23408,0.27294,12,9,129,0,1,1,1,1,1,1.46
14,1,0.31181,0.23408,0.27294,13,11,125,0,1,1,1,1,1,1.4912
14,1,0.31181,0.23408,0.27294,15,3,133,0,1,1,1,1,1,1.4436
14,1,0.31181,0.23408,0.27294,16,28,100,0,1,1,1,1,1,1.2483
14,1,0.31181,0.23408,0.27294,17,20,115,0,1,1,1,1,1,1.7038
14,1,0.31181,0.23408,0.27294,18,22,111,1,0,0,0,1,1,1.3516
14,1,0.31181,0.23408,0.27294,20,6,129,0,0,1,1,1,1,1.9259
14,1,0.31181,0.23408,0.27294,21,30,96,1,1,1,1,1,1,1.2398
14,1,0.31181,0.23408,0.27294,22,13,118,1,1,1,1,1,1,1.971
14,1,0.31181,0.23408,0.27294,23,25,106,1,1,1,1,1,1,1.3276
14,1,0.31181,0.23408,0.27294,24,27,106,1,0,1,1,1,1,1.5486
14,1,0.31181,0.23408,0.27294,25,12,117,0,1,1,1,1,1,1.5755
14,1,0.31181,0.23408,0.27294,26,6,129,1,1,1,1,1,1,1.467
14,1,0.31181,0.23408,0.27294,27,23,103,0,0,1,1,1,1,1.4638
14,1,0.31181,0.23408,0.27294,28,1,134,1,0,1,1,1,1,1.3087
14,1,0.31181,0.23408,0.27294,29,4,125,0,0,1,1,1,1,1.4522
14,1,0.31181,0.23408,0.27294,30,10,124,1,0,0,0,1,1,1.7206
14,1,0.31181,0.23408,0.27294,31,23,109,1,1,1,1,1,1,1.2926
14,1,0.31181,0.23408,0.27294,33,20,115,0,1,0,0,1,1,2.0037
14,1,0.31181,0.23408,0.27294,34,10,128,0,1,1,1,1,1,1.2581
14,1,0.31181,0.23408,0.27294,36,22,115,0,0,1,1,1,1,1.6303
14,1,0.31181,0.23408,0.27294,37,13,118,0,1,0,0,1,1,1.3545
14,1,0.31181,0.23408,0.27294,38,28,100,0,0,1,1,1,1,1.4229
14,1,0.31181,0.23408,0.27294,39,13,118,0,1,1,1,1,1,1.4424
14,1,0.31181,0.23408,0.27294,40,19,115,1,0,1,1,1,1,1.6146
14,1,0.31181,0.23408,0.27294,41,3,133,0,0,1,1,1,1,1.4405
14,1,0.31181,0.23408,0.27294,42,29,93,1,0,1,1,1,1,1.8454
14,1,0.31181,0.23408,0.27294,43,2,133,0,0,0,0,1,1,1.4467
14,1,0.31181,0.23408,0.27294,46,29,102,0,0,1,1,1,1,1.6096
14,1,0.31181,0.23408,0.27294,47,19,115,1,0,0,0,1,1,1.448
14,1,0.31181,0.23408,0.27294,48,6,129,0,1,1,1,1,1,1.2455
14,1,0.31181,0.23408,0.27294,49,10,128,0,0,1,1,1,1,1.4042
14,1,0.31181,0.23408,0.27294,50,25,106,1,0,0,0,0,1,1.3637
14,1,0.31181,0.23408,0.27294,51,30,97,0,1,1,1,1,1,1.4349
14,1,0.31181,0.23408,0.27294,52,18,117,0,1,1,1,1,1,1.195
14,1,0.31181,0.23408,0.27294,53,9,125,1,0,1,1,1,1,1.5488
14,1,0.31181,0.23408,0.27294,54,27,104,0,1,1,1,1,1,1.3568
14,1,0.31181,0.23408,0.27294,57,16,111,0,1,0,0,1,1,1.4459
14,1,0.31181,0.23408,0.27294,58,12,122,1,1,1,1,1,1,1.2527
14,1,0.31181,0.23408,0.27294,59,20,110,1,1,1,1,1,1,1.1951
14,1,0.31181,0.23408,0.27294,60,15,116,1,0,1,1,1,1,1.6718
14,1,0.31181,0.23408,0.27294,61,17,113,1,0,1,1,1,1,1.6086
14,1,0.31181,0.23408,0.27294,62,17,121,0,0,0,0,1,1,1.8845
14,1,0.31181,0.23408,0.27294,63,16,111,0,0,0,0,1,1,1.2617
14,1,0.31181,0.23408,0.27294,69,21,109,0,1,1,1,1,1,2.1603
14,1,0.31181,0.23408,0.27294,71,13,118,1,0,0,0,1,1,1.4934
14,1,0.31181,0.23408,0.27294,72,1,136,0,1,0,0,1,1,1.3938
14,1,0.31181,0.23408,0.27294,73,18,111,1,0,1,1,1,1,1.4991
14,1,0.31181,0.23408,0.27294,74,17,121,0,1,1,1,1,1,1.7855
14,1,0.31181,0.23408,0.27294,76,1,136,0,0,1,1,1,1,2.125
14,1,0.31181,0.23408,0.27294,77,7,127,1,1,1,1,1,1,1.6646
14,1,0.31181,0.23408,0.27294,78,9,129,0,0,0,0,1,1,1.3268
14,1,0.31181,0.23408,0.27294,79,8,128,0,0,1,1,1,1,1.6051
14,1,0.31181,0.23408,0.27294,80,24,110,0,0,0,0,1,1,1.327
14,1,0.31181,0.23408,0.27294,81,27,106,1,0,0,0,1,1,1.1797
14,1,0.31181,0.23408,0.27294,82,14,115,0,0,1,1,1,1,2.3998
14,1,0.31181,0.23408,0.27294,85,26,105,0,0,0,0,1,1,1.3265
14,1,0.31181,0.23408,0.27294,88,12,117,0,0,1,1,1,1,1.3556
14,1,0.31181,0.23408,0.27294,89,23,103,0,1,1,1,1,1,1.3229
14,1,0.31181,0.23408,0.27294,90,30,97,0,1,0,0,1,1,1.2818
14,1,0.31181,0.23408,0.27294,92,9,129,0,0,1,1,1,1,2.0129
14,1,0.31181,0.23408,0.27294,93,4,125,0,1,1,1,1,1,1.499
14,1,0.31181,0.23408,0.27294,94,15,121,0,1,1,1,1,1,1.7217
14,1,0.31181,0.23408,0.27294,95,17,113,1,1,1,1,1,1,1.7977
14,1,0.31181,0.23408,0.27294,96,21,114,1,0,0,0,1,1,2.1653
14,1,0.31181,0.23408,0.27294,97,1,134,1,1,0,0,1,1,1.3822
14,1,0.31181,0.23408,0.27294,98,8,128,0,1,1,1,1,1,1.549
14,1,0.31181,0.23408,0.27294,99,23,109,1,0,1,1,1,1,1.3821
14,1,0.31181,0.23408,0.27294,101,7,127,1,1,0,0,1,1,1.1443
14,1,0.31181,0.23408,0.27294,102,13,118,0,0,1,1,1,1,1.7409
14,1,0.31181,0.23408,0.27294,103,8,128,0,1,0,0,1,1,1.2235
14,1,0.31181,0.23408,0.27294,104,4,125,0,0,0,0,1,1,1.3964
14,1,0.31181,0.23408,0.27294,105,21,114,1,1,1,1,1,1,1.5102
14,1,0.31181,0.23408,0.27294,106,25,106,1,0,1,1,1,1,1.7862
14,1,0.31181,0.23408,0.27294,107,8,129,1,1,1,1,1,1,1.6107
14,1,0.31181,0.23408,0.27294,108,2,131,1,0,0,0,1,1,2.2364
14,1,0.31181,0.23408,0.27294,109,6,129,1,0,1,1,1,1,1.2739
14,1,0.31181,0.23408,0.27294,110,5,129,0,0,0,0,1,1,1.2715
14,1,0.31181,0.23408,0.27294,111,21,114,1,0,1,1,1,1,1.3266
14,1,0.31181,0.23408,0.27294,115,27,104,0,1,0,0,1,1,1.2474
14,1,0.31181,0.23408,0.27294,116,5,129,0,0,1,1,1,1,1.2153
14,1,0.31181,0.23408,0.27294,117,28,108,1,1,0,0,1,1,1.1299
14,1,0.31181,0.23408,0.27294,118,5,133,1,1,0,0,1,1,1.2429
14,1,0.31181,0.23408,0.27294,119,14,121,1,1,1,1,1,1,1.1858
14,1,0.31181,0.23408,0.27294,120,18,111,1,1,0,0,1,1,1.294
14,1,0.31181,0.23408,0.27294,121,12,122,1,0,1,1,1,1,1.5336
14,1,0.31181,0.23408,0.27294,122,18,117,0,1,0,0,1,1,1.0622
14,1,0.31181,0.23408,0.27294,123,20,110,1,0,1,1,1,1,1.28
14,1,0.31181,0.23408,0.27294,124,24,110,1,0,1,1,1,1,1.5718
14,1,0.31181,0.23408,0.27294,125,30,96,1,0,1,1,1,1,1.2261
14,1,0.31181,0.23408,0.27294,126,11,125,0,0,0,0,1,1,1.7476
14,1,0.31181,0.23408,0.27294,127,1,134,1,0,0,0,1,1,1.4413
14,1,0.31181,0.23408,0.27294,128,26,105,0,1,1,1,1,1,1.7368
14,1,0.31181,0.23408,0.27294,129,14,115,0,0,0,0,1,1,1.7175
14,1,0.31181,0.23408,0.27294,130,6,129,1,0,0,0,1,1,1.3247
14,1,0.31181,0.23408,0.27294,131,29,102,0,1,1,1,1,1,1.5248
14,1,0.31181,0.23408,0.27294,133,15,116,1,1,1,1,1,1,1.8917
14,1,0.31181,0.23408,0.27294,135,9,125,1,1,0,0,1,1,1.2545
14,1,0.31181,0.23408,0.27294,137,19,115,1,1,1,1,1,1,1.8429
14,1,0.31181,0.23408,0.27294,139,15,121,0,1,0,0,1,1,1.3653
14,1,0.31181,0.23408,0.27294,140,26,106,1,1,1,1,1,1,1.5779
14,1,0.31181,0.23408,0.27294,141,11,125,0,0,1,1,1,1,1.361
14,1,0.31181,0.23408,0.27294,142,19,112,0,1,0,0,1,1,1.2097
14,1,0.31181,0.23408,0.27294,143,14,121,1,0,1,1,1,1,1.1974
14,1,0.31181,0.23408,0.27294,144,12,117,0,0,0,0,1,1,1.0421
14,1,0.31181,0.23408,0.27294,145,15,121,0,0,0,0,1,1,1.346
14,1,0.31181,0.23408,0.27294,148,4,128,1,1,1,1,1,1,1.2058
14,1,0.31181,0.23408,0.27294,149,7,128,0,0,1,1,1,1,1.8507
14,1,0.31181,0.23408,0.27294,150,2,131,1,0,1,1,1,1,1.2584
14,1,0.31181,0.23408,0.27294,152,8,129,1,1,0,0,1,1,1.1302
14,1,0.31181,0.23408,0.27294,154,20,110,1,0,0,0,1,1,1.418
14,1,0.31181,0.23408,0.27294,155,4,128,1,0,0,0,1,1,1.1422
14,1,0.31181,0.23408,0.27294,157,20,110,1,1,0,0,1,1,1.1309
14,1,0.31181,0.23408,0.27294,159,3,133,0,1,0,0,1,1,1.1914
14,1,0.31181,0.23408,0.27294,161,3,129,1,0,0,0,1,1,1.0462
14,1,0.31181,0.23408,0.27294,162,20,115,0,0,0,0,1,1,1.0532
14,1,0.31181,0.23408,0.27294,164,20,115,0,0,1,1,1,1,1.3181
14,1,0.31181,0.23408,0.27294,166,25,111,0,1,0,0,1,1,1.2004
14,1,0.31181,0.23408,0.27294,168,24,110,0,0,1,1,1,1,1.832
14,1,0.31181,0.23408,0.27294,169,21,114,1,1,0,0,1,1,1.195
14,1,0.31181,0.23408,0.27294,170,11,123,1,0,0,0,1,1,1.0663
14,1,0.31181,0.23408,0.27294,171,5,129,0,1,0,0,1,1,1.3917
14,1,0.31181,0.23408,0.27294,172,16,128,1,0,1,1,1,1,1.179
14,1,0.31181,0.23408,0.27294,175,7,128,0,1,0,0,1,1,1.2883
14,1,0.31181,0.23408,0.27294,177,30,97,0,0,1,1,1,1,1.2624
14,1,0.31181,0.23408,0.27294,178,10,124,1,0,1,1,1,1,1.266
14,1,0.31181,0.23408,0.27294,179,26,106,1,0,1,1,1,1,1.2405
14,1,0.31181,0.23408,0.27294,181,13,118,1,0,1,1,1,1,1.1788
14,1,0.31181,0.23408,0.27294,183,15,121,0,0,1,1,1,1,1.295
14,1,0.31181,0.23408,0.27294,184,4,128,1,1,0,0,1,1,1.2802
14,1,0.31181,0.23408,0.27294,186,29,93,1,1,1,1,1,1,1.4773
14,1,0.31181,0.23408,0.27294,187,4,128,1,0,1,1,1,1,1.1353
14,1,0.31181,0.23408,0.27294,188,28,108,1,1,1,1,1,1,1.4458
14,1,0.31181,0.23408,0.27294,190,3,129,1,1,1,1,1,1,1.3702
14,1,0.31181,0.23408,0.27294,191,25,111,0,0,0,0,1,1,1.2614
14,1,0.31181,0.23408,0.27294,192,1,136,0,0,0,0,1,1,1.2179
14,1,0.31181,0.23408,0.27294,195,18,111,1,1,1,1,1,1,1.2175
14,1,0.31181,0.23408,0.27294,196,19,115,1,1,0,0,1,1,1.3752
14,1,0.31181,0.23408,0.27294,197,26,106,1,0,0,0,1,1,1.7969
14,1,0.31181,0.23408,0.27294,198,8,129,1,0,1,1,1,1,1.4529
14,1,0.31181,0.23408,0.27294,200,21,109,0,0,0,0,1,1,1.246
14,1,0.31181,0.23408,0.27294,201,30,96,1,0,0,0,1,1,1.2245
14,1,0.31181,0.23408,0.27294,202,5,133,1,1,1,1,1,1,1.2929
14,1,0.31181,0.23408,0.27294,203,18,111,1,0,0,0,1,1,1.178
14,1,0.31181,0.23408,0.27294,206,13,118,0,0,0,0,1,1,1.3232
14,1,0.31181,0.23408,0.27294,208,9,125,1,1,1,1,1,1,1.7053
14,1,0.31181,0.23408,0.27294,209,23,109,1,0,0,0,1,1,1.4886
14,1,0.31181,0.23408,0.27294,211,23,103,0,1,0,0,1,1,1.2394
14,1,0.31181,0.23408,0.27294,212,25,111,0,0,1,1,1,1,1.1281
14,1,0.31181,0.23408,0.27294,213,17,121,0,1,0,0,1,1,2.2991
14,1,0.31181,0.23408,0.27294,214,28,108,1,0,1,1,1,1,1.4913
14,1,0.31181,0.23408,0.27294,216,16,111,0,1,1,1,1,1,1.2591
14,1,0.31181,0.23408,0.27294,217,17,113,1,0,0,0,1,1,1.1763
14,1,0.31181,0.23408,0.27294,218,24,110,1,1,1,1,1,1,1.6194
14,1,0.31181,0.23408,0.27294,219,16,111,0,0,1,1,1,1,1.5617
14,1,0.31181,0.23408,0.27294,225,11,125,0,1,0,0,1,1,1.4361
14,1,0.31181,0.23408,0.27294,226,2,133,0,1,1,1,1,1,1.1926
14,1,0.31181,0.23408,0.27294,227,22,115,0,1,1,1,1,1,1.4405
14,1,0.31181,0.23408,0.27294,228,22,111,1,0,1,1,1,1,1.6944
14,1,0.31181,0.23408,0.27294,229,24,110,0,1,1,1,1,1,1.3187
14,1,0.31181,0.23408,0.27294,230,14,115,0,1,0,0,1,1,1.5432
14,1,0.31181,0.23408,0.27294,231,24,110,1,1,0,0,1,1,1.4924
14,1,0.31181,0.23408,0.27294,232,18,117,0,0,0,0,1,1,1.5889
14,1,0.31181,0.23408,0.27294,234,2,133,0,0,1,1,1,1,1.6378
14,1,0.31181,0.23408,0.27294,235,22,111,1,1,0,0,1,1,1.8531
14,1,0.31181,0.23408,0.27294,236,3,129,1,0,1,1,1,1,1.3389
14,1,0.31181,0.23408,0.27294,238,7,128,0,1,1,1,1,1,1.3304
14,1,0.31181,0.23408,0.27294,239,14,121,1,1,0,0,1,1,1.5081
14,1,0.31181,0.23408,0.27294,242,29,102,0,0,0,0,1,1,1.6184
14,1,0.31181,0.23408,0.27294,243,23,103,0,0,0,0,1,1,1.748
14,1,0.31181,0.23408,0.27294,245,9,125,1,0,0,0,1,1,1.4372
14,1,0.31181,0.23408,0.27294,248,10,124,1,1,0,0,1,1,1.0837
14,1,0.31181,0.23408,0.27294,250,29,93,1,1,0,0,1,1,1.3839
14,1,0.31181,0.23408,0.27294,251,19,112,0,0,1,1,1,1,1.5789
14,1,0.31181,0.23408,0.27294,252,22,115,0,0,0,0,1,1,1.7085
14,1,0.31181,0.23408,0.27294,253,14,115,0,1,1,1,1,1,1.6302
14,1,0.31181,0.23408,0.27294,254,7,128,0,0,0,0,1,1,1.5899
14,1,0.31181,0.23408,0.27294,256,1,136,0,1,1,1,1,1,2.2065
14,1,0.31181,0.23408,0.27294,259,25,106,1,1,0,0,1,1,1.5033
14,1,0.31181,0.23408,0.27294,264,5,129,0,1,1,1,1,1,1.3854
14,1,0.31181,0.23408,0.27294,265,14,121,1,0,0,0,1,1,1.2004
14,1,0.31181,0.23408,0.27294,267,24,110,0,1,0,0,1,1,1.4247
14,1,0.31181,0.23408,0.27294,271,27,106,1,1,0,0,1,1,1.747
14,1,0.31181,0.23408,0.27294,275,11,123,1,1,0,0,1,1,1.1812
14,1,0.31181,0.23408,0.27294,276,7,127,1,0,1,1,1,1,1.5087
14,1,0.31181,0.23408,0.27294,279,1,134,1,1,1,1,1,1,1.3923
14,1,0.31181,0.23408,0.27294,280,30,97,0,0,0,0,1,1,1.1219
14,1,0.31181,0.23408,0.27294,283,2,131,1,1,1,1,1,1,1.314
14,1,0.31181,0.23408,0.27294,284,24,110,1,0,0,0,1,1,1.6323
14,1,0.31181,0.23408,0.27294,285,12,117,0,1,0,0,1,1,1.2332
14,1,0.31181,0.23408,0.27294,289,26,105,0,0,1,1,1,1,1.5348
14,1,0.31181,0.23408,0.27294,290,29,93,1,0,0,0,1,1,1.6952
14,1,0.31181,0.23408,0.27294,292,19,112,0,1,1,1,1,1,1.2163
14,1,0.31181,0.23408,0.27294,296,2,131,1,1,0,0,1,1,1.2493
14,1,0.31181,0.23408,0.27294,299,23,109,1,1,0,0,1,1,1.1069
14,1,0.31181,0.23408,0.27294,300,10,124,1,1,1,1,1,1,1.1828
14,1,0.31181,0.23408,0.27294,301,11,123,1,0,1,1,1,1,1.5288
14,1,0.31181,0.23408,0.27294,302,28,100,0,0,0,0,1,1,1.1426
14,1,0.31181,0.23408,0.27294,304,27,104,0,0,0,0,1,1,1.3287
14,1,0.31181,0.23408,0.27294,305,25,111,0,1,1,1,1,1,1.3019
14,1,0.31181,0.23408,0.27294,311,2,133,0,1,0,0,1,1,1.2883
14,1,0.31181,0.23408,0.27294,312,30,96,1,1,0,0,1,1,1.2656
14,1,0.31181,0.23408,0.27294,314,27,106,1,1,1,1,1,1,1.3331
14,1,0.31181,0.23408,0.27294,317,15,116,1,1,0,0,1,1,1.2474
14,1,0.31181,0.23408,0.27294,318,19,112,0,0,0,0,1,1,1.3543
14,1,0.31181,0.23408,0.27294,322,12,122,1,1,0,0,1,1,1.618
14,1,0.31181,0.23408,0.27294,327,15,116,1,0,0,0,1,1,1.3111
14,1,0.31181,0.23408,0.27294,330,6,129,1,1,0,0,1,1,1.3855
14,1,0.31181,0.23408,0.27294,333,29,102,0,1,0,0,1,1,1.3815
14,1,0.31181,0.23408,0.27294,335,16,128,1,1,1,1,1,1,1.2671
14,1,0.31181,0.23408,0.27294,338,3,129,1,1,0,0,1,1,1.1913
14,1,0.31181,0.23408,0.27294,339,16,128,1,0,0,0,1,1,1.5645
14,1,0.31181,0.23408,0.27294,341,21,109,0,1,0,0,1,1,1.2135
14,1,0.31181,0.23408,0.27294,348,13,118,1,1,0,0,1,1,1.1484
14,1,0.31181,0.23408,0.27294,351,8,129,1,0,0,0,1,1,1.2139
14,1,0.31181,0.23408,0.27294,354,26,105,0,1,0,0,1,1,1.2683
14,1,0.31181,0.23408,0.27294,355,12,122,1,0,0,0,1,1,1.2845
14,1,0.31181,0.23408,0.27294,357,10,128,0,1,0,0,1,1,1.2698
14,1,0.31181,0.23408,0.27294,360,17,121,0,0,1,1,1,1,1.4069
14,1,0.31181,0.23408,0.27294,363,22,111,1,1,1,1,1,1,1.2377
14,1,0.31181,0.23408,0.27294,368,22,115,0,1,0,0,1,1,1.0878
14,1,0.31181,0.23408,0.27294,370,16,128,1,1,0,0,1,1,1.2405
14,1,0.31181,0.23408,0.27294,371,26,106,1,1,0,0,1,1,1.1322
14,1,0.31181,0.23408,0.27294,373,5,133,1,0,0,0,1,1,1.7832
14,1,0.31181,0.23408,0.27294,375,28,100,0,1,0,0,1,1,1.1937
14,1,0.31181,0.23408,0.27294,376,6,129,0,0,0,0,1,1,1.2211
14,1,0.31181,0.23408,0.27294,380,3,133,0,0,0,0,1,1,1.5014
14,1,0.31181,0.23408,0.27294,382,17,113,1,1,0,0,1,1,1.4453
14,1,0.31181,0.23408,0.27294,383,6,129,0,1,0,0,1,1,1.2653
14,1,0.31181,0.23408,0.27294,386,8,128,0,0,0,0,1,1,1.1876
14,1,0.31181,0.23408,0.27294,394,9,129,0,1,0,0,1,1,1.1692
14,1,0.31181,0.23408,0.27294,398,4,125,0,1,0,0,1,1,1.2836
subID,domEyeR,threshStHi,threshStLo,thresh,Trial_number,Sentence_ID,Sentence_pixel_length,Congruent_1,Familiar_1,LocationTop_1,Cued_1,Trialcorrect_1,Trialbroken_1,ST
1,1,0.24862,0.2398,0.24421,1,10,124,1,0,0,0,1,1,1.1426
1,1,0.24862,0.2398,0.24421,2,15,121,0,1,1,1,1,1,1.7793
1,1,0.24862,0.2398,0.24421,3,28,100,0,0,0,0,1,1,1.3451
1,1,0.24862,0.2398,0.24421,4,28,100,0,0,1,1,1,1,1.4134
1,1,0.24862,0.2398,0.24421,5,2,133,0,1,0,0,1,1,1.5021
1,1,0.24862,0.2398,0.24421,6,12,117,0,0,1,1,1,1,1.3269
1,1,0.24862,0.2398,0.24421,7,23,103,0,1,1,1,1,1,2.0985
1,1,0.24862,0.2398,0.24421,8,6,129,1,1,0,0,1,1,1.2742
1,1,0.24862,0.2398,0.24421,9,26,106,1,0,1,1,1,1,1.2292
1,1,0.24862,0.2398,0.24421,10,22,111,1,1,0,0,1,1,1.2531
1,1,0.24862,0.2398,0.24421,11,6,129,0,0,0,0,1,1,1.7598
1,1,0.24862,0.2398,0.24421,12,3,133,0,0,0,0,1,1,1.6472
1,1,0.24862,0.2398,0.24421,13,14,121,1,1,1,1,1,1,1.42
1,1,0.24862,0.2398,0.24421,14,25,106,1,1,1,1,1,1,1.9338
1,1,0.24862,0.2398,0.24421,15,13,118,1,1,0,0,1,1,1.3518
1,1,0.24862,0.2398,0.24421,16,10,128,0,1,1,1,1,1,2.1412
1,1,0.24862,0.2398,0.24421,17,26,105,0,0,0,0,1,1,1.1681
1,1,0.24862,0.2398,0.24421,18,29,93,1,1,0,0,1,1,1.1197
1,1,0.24862,0.2398,0.24421,19,30,97,0,1,1,1,1,1,1.7196
1,1,0.24862,0.2398,0.24421,20,23,109,1,0,0,0,1,1,1.2211
1,1,0.24862,0.2398,0.24421,21,27,104,0,1,1,1,1,1,1.3547
1,1,0.24862,0.2398,0.24421,22,24,110,1,0,1,1,1,1,1.4232
1,1,0.24862,0.2398,0.24421,23,5,133,1,0,1,1,1,1,1.1519
1,1,0.24862,0.2398,0.24421,24,29,102,0,0,1,1,1,1,1.1746
1,1,0.24862,0.2398,0.24421,27,30,96,1,0,1,1,1,1,1.2243
1,1,0.24862,0.2398,0.24421,28,18,117,0,0,0,0,1,1,1.0541
1,1,0.24862,0.2398,0.24421,29,19,112,0,1,1,1,1,1,1.4056
1,1,0.24862,0.2398,0.24421,30,28,108,1,0,0,0,1,1,1.2043
1,1,0.24862,0.2398,0.24421,31,8,129,1,1,1,1,1,1,0.76374
1,1,0.24862,0.2398,0.24421,32,11,125,0,1,1,1,1,1,1.37
1,1,0.24862,0.2398,0.24421,33,17,113,1,0,1,1,1,1,1.2647
1,1,0.24862,0.2398,0.24421,34,26,106,1,1,1,1,1,1,1.2807
1,1,0.24862,0.2398,0.24421,35,22,115,0,0,1,1,1,1,1.1696
1,1,0.24862,0.2398,0.24421,36,3,129,1,1,1,1,1,1,1.2529
1,1,0.24862,0.2398,0.24421,37,25,106,1,0,1,1,1,1,1.32
1,1,0.24862,0.2398,0.24421,40,3,129,1,1,0,0,1,1,1.1984
1,1,0.24862,0.2398,0.24421,41,12,122,1,0,1,1,1,1,1.0631
1,1,0.24862,0.2398,0.24421,42,2,131,1,1,0,0,1,1,1.2482
1,1,0.24862,0.2398,0.24421,43,13,118,0,0,1,1,1,1,1.1805
1,1,0.24862,0.2398,0.24421,45,4,125,0,0,1,1,1,1,1.3955
1,1,0.24862,0.2398,0.24421,46,7,128,0,1,1,1,1,1,1.2082
1,1,0.24862,0.2398,0.24421,48,19,112,0,0,1,1,1,1,1.3287
1,1,0.24862,0.2398,0.24421,50,7,127,1,0,1,1,1,1,1.2566
1,1,0.24862,0.2398,0.24421,51,5,133,1,1,1,1,1,1,1.4467
1,1,0.24862,0.2398,0.24421,52,5,129,0,0,0,0,1,1,1.1593
1,1,0.24862,0.2398,0.24421,53,20,115,0,1,1,1,1,1,1.5213
1,1,0.24862,0.2398,0.24421,54,1,136,0,0,1,1,1,1,1.2691
1,1,0.24862,0.2398,0.24421,55,13,118,0,1,0,0,1,1,1.1679
1,1,0.24862,0.2398,0.24421,56,7,128,0,1,0,0,1,1,1.6364
1,1,0.24862,0.2398,0.24421,58,27,104,0,0,0,0,1,1,1.2565
1,1,0.24862,0.2398,0.24421,59,2,131,1,0,1,1,1,1,1.2339
1,1,0.24862,0.2398,0.24421,60,29,93,1,0,1,1,1,1,1.3865
1,1,0.24862,0.2398,0.24421,61,7,128,0,0,0,0,1,1,1.281
1,1,0.24862,0.2398,0.24421,63,4,128,1,1,0,0,1,1,1.1855
1,1,0.24862,0.2398,0.24421,64,20,110,1,1,1,1,1,1,1.1315
1,1,0.24862,0.2398,0.24421,65,21,109,0,0,0,0,1,1,1.4106
1,1,0.24862,0.2398,0.24421,66,27,106,1,0,0,0,1,1,1.2663
1,1,0.24862,0.2398,0.24421,67,16,128,1,0,0,0,1,1,1.262
1,1,0.24862,0.2398,0.24421,69,10,128,0,0,0,0,1,1,1.2097
1,1,0.24862,0.2398,0.24421,70,3,129,1,0,1,1,1,1,1.282
1,1,0.24862,0.2398,0.24421,71,30,96,1,1,1,1,1,1,1.7955
1,1,0.24862,0.2398,0.24421,72,14,121,1,0,1,1,1,1,1.3071
1,1,0.24862,0.2398,0.24421,73,11,123,1,1,1,1,1,1,2.2193
1,1,0.24862,0.2398,0.24421,74,27,106,1,1,1,1,1,1,1.332
1,1,0.24862,0.2398,0.24421,75,16,128,1,1,1,1,1,1,1.2367
1,1,0.24862,0.2398,0.24421,76,13,118,1,1,1,1,1,1,1.3404
1,1,0.24862,0.2398,0.24421,77,1,134,1,1,1,1,1,1,1.7782
1,1,0.24862,0.2398,0.24421,79,24,110,0,0,1,1,1,1,1.1286
1,1,0.24862,0.2398,0.24421,80,14,121,1,1,0,0,1,1,1.229
1,1,0.24862,0.2398,0.24421,81,24,110,1,1,1,1,1,1,1.4352
1,1,0.24862,0.2398,0.24421,82,25,106,1,1,0,0,1,1,1.1475
1,1,0.24862,0.2398,0.24421,83,2,131,1,0,0,0,1,1,1.6189
1,1,0.24862,0.2398,0.24421,84,15,116,1,0,1,1,1,1,1.2016
1,1,0.24862,0.2398,0.24421,85,9,125,1,0,1,1,1,1,1.7091
1,1,0.24862,0.2398,0.24421,86,8,128,0,0,1,1,1,1,1.9162
1,1,0.24862,0.2398,0.24421,87,10,124,1,1,1,1,1,1,1.2357
1,1,0.24862,0.2398,0.24421,88,20,115,0,0,1,1,1,1,1.6437
1,1,0.24862,0.2398,0.24421,89,13,118,0,1,1,1,1,1,1.9819
1,1,0.24862,0.2398,0.24421,90,17,113,1,1,1,1,1,1,1.4827
1,1,0.24862,0.2398,0.24421,91,7,127,1,1,1,1,1,1,1.4041
1,1,0.24862,0.2398,0.24421,92,23,103,0,0,1,1,1,1,1.3493
1,1,0.24862,0.2398,0.24421,94,19,115,1,0,0,0,0,1,1.1989
1,1,0.24862,0.2398,0.24421,95,9,129,0,0,1,1,1,1,1.3393
1,1,0.24862,0.2398,0.24421,97,24,110,0,1,1,1,1,1,1.7502
1,1,0.24862,0.2398,0.24421,98,18,117,0,0,1,1,1,1,1.451
1,1,0.24862,0.2398,0.24421,101,4,125,0,1,1,1,1,1,1.3692
1,1,0.24862,0.2398,0.24421,105,8,129,1,1,0,0,1,1,1.203
1,1,0.24862,0.2398,0.24421,106,29,93,1,1,1,1,1,1,1.8573
1,1,0.24862,0.2398,0.24421,108,20,110,1,0,1,1,1,1,1.1989
1,1,0.24862,0.2398,0.24421,109,8,129,1,0,0,0,1,1,1.1849
1,1,0.24862,0.2398,0.24421,111,16,128,1,0,1,1,1,1,1.1112
1,1,0.24862,0.2398,0.24421,113,8,129,1,0,1,1,1,1,1.3361
1,1,0.24862,0.2398,0.24421,115,8,128,0,0,0,0,1,1,1.4206
1,1,0.24862,0.2398,0.24421,116,25,111,0,1,1,1,1,1,1.6069
1,1,0.24862,0.2398,0.24421,117,11,123,1,0,1,1,1,1,1.4797
1,1,0.24862,0.2398,0.24421,118,2,131,1,1,1,1,1,1,1.4904
1,1,0.24862,0.2398,0.24421,119,15,121,0,0,0,0,1,1,1.2577
1,1,0.24862,0.2398,0.24421,120,23,103,0,0,0,0,1,1,2.3771
1,1,0.24862,0.2398,0.24421,121,27,106,1,0,1,1,1,1,1.1824
1,1,0.24862,0.2398,0.24421,122,14,115,0,0,1,1,1,1,1.1889
1,1,0.24862,0.2398,0.24421,125,30,97,0,1,0,0,1,1,1.1918
1,1,0.24862,0.2398,0.24421,126,4,125,0,1,0,0,1,1,2.0364
1,1,0.24862,0.2398,0.24421,129,13,118,1,0,1,1,1,1,1.3844
1,1,0.24862,0.2398,0.24421,130,17,113,1,1,0,0,0,1,1.1669
1,1,0.24862,0.2398,0.24421,132,11,125,0,0,0,0,1,1,1.3948
1,1,0.24862,0.2398,0.24421,133,12,117,0,0,0,0,1,1,1.3146
1,1,0.24862,0.2398,0.24421,134,28,108,1,0,1,1,1,1,1.9208
1,1,0.24862,0.2398,0.24421,136,20,110,1,0,0,0,1,1,1.1342
1,1,0.24862,0.2398,0.24421,138,7,127,1,1,0,0,1,1,1.4972
1,1,0.24862,0.2398,0.24421,139,18,117,0,1,1,1,1,1,1.5126
1,1,0.24862,0.2398,0.24421,141,22,111,1,1,1,1,1,1,1.4942
1,1,0.24862,0.2398,0.24421,142,14,115,0,1,1,1,1,1,1.2266
1,1,0.24862,0.2398,0.24421,143,17,121,0,1,1,1,1,1,1.4622
1,1,0.24862,0.2398,0.24421,145,21,109,0,1,1,1,1,1,1.7994
1,1,0.24862,0.2398,0.24421,146,22,115,0,1,1,1,1,1,1.2992
1,1,0.24862,0.2398,0.24421,148,7,128,0,0,1,1,1,1,1.9432
1,1,0.24862,0.2398,0.24421,150,26,105,0,0,1,1,1,1,1.3827
1,1,0.24862,0.2398,0.24421,151,6,129,0,1,0,0,1,1,1.1071
1,1,0.24862,0.2398,0.24421,152,10,124,1,1,0,0,1,1,1.2007
1,1,0.24862,0.2398,0.24421,153,12,122,1,1,0,0,1,1,1.2049
1,1,0.24862,0.2398,0.24421,154,4,125,0,0,0,0,1,1,1.4014
1,1,0.24862,0.2398,0.24421,155,27,104,0,1,0,0,1,1,1.1894
1,1,0.24862,0.2398,0.24421,157,17,113,1,0,0,0,1,1,1.1281
1,1,0.24862,0.2398,0.24421,158,1,136,0,1,0,0,1,1,1.7607
1,1,0.24862,0.2398,0.24421,159,15,116,1,1,1,1,1,1,1.8658
1,1,0.24862,0.2398,0.24421,160,19,115,1,0,1,1,1,1,1.3862
1,1,0.24862,0.2398,0.24421,161,3,133,0,1,1,1,1,1,1.5287
1,1,0.24862,0.2398,0.24421,163,24,110,1,0,0,0,1,1,1.3936
1,1,0.24862,0.2398,0.24421,165,19,112,0,1,0,0,1,1,1.0464
1,1,0.24862,0.2398,0.24421,168,26,105,0,1,1,1,1,1,1.1551
1,1,0.24862,0.2398,0.24421,170,9,129,0,1,1,1,1,1,1.2564
1,1,0.24862,0.2398,0.24421,171,6,129,1,1,1,1,1,1,1.713
1,1,0.24862,0.2398,0.24421,177,3,129,1,0,0,0,1,1,1.3344
1,1,0.24862,0.2398,0.24421,180,21,114,1,1,0,0,0,1,1.1464
1,1,0.24862,0.2398,0.24421,181,5,129,0,0,1,1,1,1,1.2392
1,1,0.24862,0.2398,0.24421,182,19,115,1,1,1,1,1,1,1.3587
1,1,0.24862,0.2398,0.24421,184,27,106,1,1,0,0,1,1,1.3072
1,1,0.24862,0.2398,0.24421,186,23,109,1,1,0,0,1,1,1.3658
1,1,0.24862,0.2398,0.24421,189,8,128,0,1,0,0,1,1,1.3637
1,1,0.24862,0.2398,0.24421,191,10,124,1,0,1,1,1,1,1.0886
1,1,0.24862,0.2398,0.24421,192,29,102,0,1,0,0,1,1,1.1187
1,1,0.24862,0.2398,0.24421,193,1,134,1,0,1,1,1,1,1.3445
1,1,0.24862,0.2398,0.24421,194,9,125,1,1,0,0,1,1,1.2268
1,1,0.24862,0.2398,0.24421,195,28,100,0,1,1,1,1,1,1.2916
1,1,0.24862,0.2398,0.24421,196,23,109,1,0,1,1,1,1,1.3373
1,1,0.24862,0.2398,0.24421,197,10,128,0,1,0,0,1,1,1.0406
1,1,0.24862,0.2398,0.24421,200,12,122,1,1,1,1,1,1,1.1587
1,1,0.24862,0.2398,0.24421,201,3,133,0,0,1,1,1,1,1.2099
1,1,0.24862,0.2398,0.24421,203,11,123,1,1,0,0,1,1,1.0634
1,1,0.24862,0.2398,0.24421,205,21,114,1,0,1,1,1,1,1.2061
1,1,0.24862,0.2398,0.24421,206,22,115,0,1,0,0,1,1,1.621
1,1,0.24862,0.2398,0.24421,209,17,121,0,1,0,0,1,1,1.3798
1,1,0.24862,0.2398,0.24421,210,18,111,1,0,1,1,1,1,1.2186
1,1,0.24862,0.2398,0.24421,211,15,116,1,0,0,0,1,1,1.5705
1,1,0.24862,0.2398,0.24421,212,1,134,1,0,0,0,1,1,1.3879
1,1,0.24862,0.2398,0.24421,213,25,106,1,0,0,0,1,1,1.2606
1,1,0.24862,0.2398,0.24421,215,6,129,1,0,1,1,1,1,1.1765
1,1,0.24862,0.2398,0.24421,216,6,129,0,1,1,1,1,1,1.2995
1,1,0.24862,0.2398,0.24421,217,16,111,0,1,1,1,1,1,1.5152
1,1,0.24862,0.2398,0.24421,219,18,111,1,0,0,0,1,1,1.3761
1,1,0.24862,0.2398,0.24421,220,13,118,1,0,0,0,1,1,1.5146
1,1,0.24862,0.2398,0.24421,221,17,121,0,0,1,1,1,1,1.3287
1,1,0.24862,0.2398,0.24421,222,25,111,0,0,0,0,1,1,1.2397
1,1,0.24862,0.2398,0.24421,224,25,111,0,1,0,0,1,1,1.1132
1,1,0.24862,0.2398,0.24421,225,24,110,0,0,0,0,1,1,1.2696
1,1,0.24862,0.2398,0.24421,227,2,133,0,0,0,0,1,1,1.1832
1,1,0.24862,0.2398,0.24421,228,7,127,1,0,0,0,1,1,1.5189
1,1,0.24862,0.2398,0.24421,229,15,121,0,0,1,1,1,1,1.2966
1,1,0.24862,0.2398,0.24421,231,16,111,0,0,1,1,1,1,1.261
1,1,0.24862,0.2398,0.24421,232,22,111,1,0,0,0,1,1,1.1786
1,1,0.24862,0.2398,0.24421,234,19,115,1,1,0,0,1,1,1.2302
1,1,0.24862,0.2398,0.24421,235,18,111,1,1,0,0,1,1,1.3342
1,1,0.24862,0.2398,0.24421,236,12,117,0,1,1,1,1,1,1.2437
1,1,0.24862,0.2398,0.24421,237,2,133,0,0,1,1,1,1,1.5299
1,1,0.24862,0.2398,0.24421,238,5,129,0,1,1,1,1,1,1.4721
1,1,0.24862,0.2398,0.24421,240,30,97,0,0,1,1,1,1,1.5644
1,1,0.24862,0.2398,0.24421,241,25,111,0,0,1,1,1,1,1.3605
1,1,0.24862,0.2398,0.24421,242,21,109,0,0,1,1,1,1,1.6513
1,1,0.24862,0.2398,0.24421,243,2,133,0,1,1,1,1,1,1.3951
1,1,0.24862,0.2398,0.24421,245,21,114,1,0,0,0,1,1,1.2224
1,1,0.24862,0.2398,0.24421,247,21,114,1,1,1,1,1,1,1.2989
1,1,0.24862,0.2398,0.24421,249,29,102,0,1,1,1,1,1,1.5478
1,1,0.24862,0.2398,0.24421,255,16,111,0,0,0,0,0,1,1.1158
1,1,0.24862,0.2398,0.24421,256,9,125,1,1,1,1,1,1,1.347
1,1,0.24862,0.2398,0.24421,257,14,115,0,1,0,0,1,1,1.0507
1,1,0.24862,0.2398,0.24421,258,4,128,1,1,1,1,1,1,1.1268
1,1,0.24862,0.2398,0.24421,260,30,96,1,0,0,0,1,1,1.2491
1,1,0.24862,0.2398,0.24421,263,29,102,0,0,0,0,1,1,1.0484
1,1,0.24862,0.2398,0.24421,266,17,121,0,0,0,0,1,1,0.93939
1,1,0.24862,0.2398,0.24421,267,26,106,1,0,0,0,1,1,1.4003
1,1,0.24862,0.2398,0.24421,268,20,110,1,1,0,0,1,1,1.3428
1,1,0.24862,0.2398,0.24421,270,1,134,1,1,0,0,1,1,1.23
1,1,0.24862,0.2398,0.24421,273,28,108,1,1,0,0,1,1,1.293
1,1,0.24862,0.2398,0.24421,274,12,122,1,0,0,0,1,1,1.3689
1,1,0.24862,0.2398,0.24421,277,27,104,0,0,1,1,1,1,1.251
1,1,0.24862,0.2398,0.24421,278,5,133,1,0,0,0,1,1,1.2985
1,1,0.24862,0.2398,0.24421,279,18,111,1,1,1,1,1,1,1.1591
1,1,0.24862,0.2398,0.24421,282,23,109,1,1,1,1,1,1,1.6202
1,1,0.24862,0.2398,0.24421,285,11,125,0,0,1,1,1,1,1.7314
1,1,0.24862,0.2398,0.24421,287,28,108,1,1,1,1,1,1,1.6746
1,1,0.24862,0.2398,0.24421,288,4,128,1,0,0,0,1,1,1.2939
1,1,0.24862,0.2398,0.24421,289,5,133,1,1,0,0,1,1,1.1941
1,1,0.24862,0.2398,0.24421,290,9,129,0,1,0,0,1,1,1.5096
1,1,0.24862,0.2398,0.24421,291,24,110,0,1,0,0,1,1,1.6277
1,1,0.24862,0.2398,0.24421,292,10,128,0,0,1,1,1,1,1.275
1,1,0.24862,0.2398,0.24421,294,1,136,0,1,1,1,1,1,1.3129
1,1,0.24862,0.2398,0.24421,296,8,128,0,1,1,1,1,1,1.8963
1,1,0.24862,0.2398,0.24421,298,12,117,0,1,0,0,1,1,1.2939
1,1,0.24862,0.2398,0.24421,304,15,121,0,1,0,0,1,1,1.5072
1,1,0.24862,0.2398,0.24421,305,30,96,1,1,0,0,1,1,1.4744
1,1,0.24862,0.2398,0.24421,313,26,106,1,1,0,0,1,1,1.1635
1,1,0.24862,0.2398,0.24421,315,29,93,1,0,0,0,1,1,1.2992
1,1,0.24862,0.2398,0.24421,322,15,116,1,1,0,0,1,1,1.3358
1,1,0.24862,0.2398,0.24421,323,16,111,0,1,0,0,1,1,1.237
1,1,0.24862,0.2398,0.24421,328,5,129,0,1,0,0,1,1,1.4342
1,1,0.24862,0.2398,0.24421,331,6,129,0,0,1,1,1,1,1.2408
1,1,0.24862,0.2398,0.24421,332,13,118,0,0,0,0,1,1,1.1234
1,1,0.24862,0.2398,0.24421,334,19,112,0,0,0,0,1,1,1.2315
1,1,0.24862,0.2398,0.24421,339,3,133,0,1,0,0,1,1,1.2069
1,1,0.24862,0.2398,0.24421,344,26,105,0,1,0,0,1,1,1.3537
1,1,0.24862,0.2398,0.24421,345,28,100,0,1,0,0,1,1,1.3232
1,1,0.24862,0.2398,0.24421,346,24,110,1,1,0,0,1,1,1.143
1,1,0.24862,0.2398,0.24421,348,1,136,0,0,0,0,1,1,1.0454
1,1,0.24862,0.2398,0.24421,350,6,129,1,0,0,0,1,1,1.2583
1,1,0.24862,0.2398,0.24421,351,21,109,0,1,0,0,0,1,1.022
1,1,0.24862,0.2398,0.24421,352,23,103,0,1,0,0,1,1,1.191
1,1,0.24862,0.2398,0.24421,354,11,125,0,1,0,0,1,1,1.3778
1,1,0.24862,0.2398,0.24421,361,4,128,1,0,1,1,1,1,1.4239
1,1,0.24862,0.2398,0.24421,371,14,121,1,0,0,0,1,1,1.1835
1,1,0.24862,0.2398,0.24421,374,30,97,0,0,0,0,1,1,1.2941
1,1,0.24862,0.2398,0.24421,380,11,123,1,0,0,0,1,1,1.2656
1,1,0.24862,0.2398,0.24421,382,22,115,0,0,0,0,1,1,1.2529
1,1,0.24862,0.2398,0.24421,384,14,115,0,0,0,0,1,1,1.1171
1,1,0.24862,0.2398,0.24421,385,18,117,0,1,0,0,1,1,1.4678
1,1,0.24862,0.2398,0.24421,386,20,115,0,0,0,0,1,1,1.4227
1,1,0.24862,0.2398,0.24421,387,20,115,0,1,0,0,1,1,1.2763
1,1,0.24862,0.2398,0.24421,390,9,129,0,0,0,0,1,1,1.1008
1,1,0.24862,0.2398,0.24421,395,16,128,1,1,0,0,1,1,1.2645
1,1,0.24862,0.2398,0.24421,396,9,125,1,0,0,0,1,1,1.2612
1,1,0.24862,0.2398,0.24421,397,22,111,1,0,1,1,1,1,1.079
